
== no abilities | public | careful ==
form            lvl  disc%  exit%  items  scrip  value   int  ice  hard  slip  forced
breachCorp      1     4.4   81.8   1.77   3.43      2  11.53  1.49  0.07     0      0
breachCorp      2     4.4   81.8   1.77   3.43      2  11.53  1.49  0.07     0      0
breachStreet    1     4.4   81.3   1.86   3.41   2.09  11.61  1.49  0.07     0      0
breachStreet    2     4.4   81.3   1.86   3.41   2.09  11.61  1.49  0.07     0      0
dodgeCorp       1     4.4   81.8   1.77   3.43      2  11.53  1.49  0.07     0      0
dodgeCorp       2     4.4   81.8   1.77   3.43      2  11.53  1.49  0.07     0      0
dodgeStreet     1     4.4   81.3   1.86   3.41   2.09  11.61  1.49  0.07     0      0
dodgeStreet     2     4.4   81.3   1.86   3.41   2.09  11.61  1.49  0.07     0      0
tuneCorp        1     4.4   81.8   1.77   3.43      2  11.53  1.49  0.07     0      0
tuneCorp        2     4.4   81.8   1.77   3.43      2  11.53  1.49  0.07     0      0
tuneStreet      1     4.4   81.3   1.86   3.41   2.09  11.61  1.49  0.07     0      0
tuneStreet      2     4.4   81.3   1.86   3.41   2.09  11.61  1.49  0.07     0      0
feastCorp       1     4.4   81.8   1.77   3.43      2  11.53  1.49  0.07     0      0
feastCorp       2     4.4   81.8   1.77   3.43      2  11.53  1.49  0.07     0      0
feastStreet     1     4.4   81.3   1.86   3.41   2.09  11.61  1.49  0.07     0      0
feastStreet     2     4.4   81.3   1.86   3.41   2.09  11.61  1.49  0.07     0      0
hidden          1     4.6   81.3   1.83   3.39   2.05  11.72  1.49  0.07     0      0
hidden          2     4.6   81.3   1.83   3.39   2.05  11.72  1.49  0.07     0      0

== no abilities | public | skilled ==
form            lvl  disc%  exit%  items  scrip  value   int  ice  hard  slip  forced
breachCorp      1     1.5     95   2.03   3.92   2.29  6.68  1.58  0.08     0      0
breachCorp      2     1.5     95   2.03   3.92   2.29  6.68  1.58  0.08     0      0
breachStreet    1     1.5   95.1   2.13   3.92   2.39  6.93  1.58  0.08     0      0
breachStreet    2     1.5   95.1   2.13   3.92   2.39  6.93  1.58  0.08     0      0
dodgeCorp       1     1.5     95   2.03   3.92   2.29  6.68  1.58  0.08     0      0
dodgeCorp       2     1.5     95   2.03   3.92   2.29  6.68  1.58  0.08     0      0
dodgeStreet     1     1.5   95.1   2.13   3.92   2.39  6.93  1.58  0.08     0      0
dodgeStreet     2     1.5   95.1   2.13   3.92   2.39  6.93  1.58  0.08     0      0
tuneCorp        1     1.5     95   2.03   3.92   2.29  6.68  1.58  0.08     0      0
tuneCorp        2     1.5     95   2.03   3.92   2.29  6.68  1.58  0.08     0      0
tuneStreet      1     1.5   95.1   2.13   3.92   2.39  6.93  1.58  0.08     0      0
tuneStreet      2     1.5   95.1   2.13   3.92   2.39  6.93  1.58  0.08     0      0
feastCorp       1     1.5     95   2.03   3.92   2.29  6.68  1.58  0.08     0      0
feastCorp       2     1.5     95   2.03   3.92   2.29  6.68  1.58  0.08     0      0
feastStreet     1     1.5   95.1   2.13   3.92   2.39  6.93  1.58  0.08     0      0
feastStreet     2     1.5   95.1   2.13   3.92   2.39  6.93  1.58  0.08     0      0
hidden          1     1.5   95.3    2.1   3.91   2.36  7.04  1.58  0.08     0      0
hidden          2     1.5   95.3    2.1   3.91   2.36  7.04  1.58  0.08     0      0

== no abilities | bazaar | careful ==
form            lvl  disc%  exit%  items  scrip  value   int  ice  hard  slip  forced
breachCorp      1     4.6   78.7    1.8   3.03      2  11.3  1.22  0.12     0      0
breachCorp      2     4.6   78.7    1.8   3.03      2  11.3  1.22  0.12     0      0
breachStreet    1     4.6   78.7    1.8   3.03      2  11.3  1.22  0.12     0      0
breachStreet    2     4.6   78.7    1.8   3.03      2  11.3  1.22  0.12     0      0
dodgeCorp       1     4.6   78.7    1.8   3.03      2  11.3  1.22  0.12     0      0
dodgeCorp       2     4.6   78.7    1.8   3.03      2  11.3  1.22  0.12     0      0
dodgeStreet     1     4.6   78.7    1.8   3.03      2  11.3  1.22  0.12     0      0
dodgeStreet     2     4.6   78.7    1.8   3.03      2  11.3  1.22  0.12     0      0
tuneCorp        1     4.6   78.7    1.8   3.03      2  11.3  1.22  0.12     0      0
tuneCorp        2     4.6   78.7    1.8   3.03      2  11.3  1.22  0.12     0      0
tuneStreet      1     4.6   78.7    1.8   3.03      2  11.3  1.22  0.12     0      0
tuneStreet      2     4.6   78.7    1.8   3.03      2  11.3  1.22  0.12     0      0
feastCorp       1     4.6   78.7    1.8   3.03      2  11.3  1.22  0.12     0      0
feastCorp       2     4.6   78.7    1.8   3.03      2  11.3  1.22  0.12     0      0
feastStreet     1     4.6   78.7    1.8   3.03      2  11.3  1.22  0.12     0      0
feastStreet     2     4.6   78.7    1.8   3.03      2  11.3  1.22  0.12     0      0
hidden          1     4.6   78.7    1.8   3.03      2  11.3  1.22  0.12     0      0
hidden          2     4.6   78.7    1.8   3.03      2  11.3  1.22  0.12     0      0

== no abilities | bazaar | skilled ==
form            lvl  disc%  exit%  items  scrip  value   int  ice  hard  slip  forced
breachCorp      1     1.7   93.9   2.07   3.55   2.31  6.71   1.3  0.12     0      0
breachCorp      2     1.7   93.9   2.07   3.55   2.31  6.71   1.3  0.12     0      0
breachStreet    1     1.7   93.9   2.07   3.55   2.31  6.71   1.3  0.12     0      0
breachStreet    2     1.7   93.9   2.07   3.55   2.31  6.71   1.3  0.12     0      0
dodgeCorp       1     1.7   93.9   2.07   3.55   2.31  6.71   1.3  0.12     0      0
dodgeCorp       2     1.7   93.9   2.07   3.55   2.31  6.71   1.3  0.12     0      0
dodgeStreet     1     1.7   93.9   2.07   3.55   2.31  6.71   1.3  0.12     0      0
dodgeStreet     2     1.7   93.9   2.07   3.55   2.31  6.71   1.3  0.12     0      0
tuneCorp        1     1.7   93.9   2.07   3.55   2.31  6.71   1.3  0.12     0      0
tuneCorp        2     1.7   93.9   2.07   3.55   2.31  6.71   1.3  0.12     0      0
tuneStreet      1     1.7   93.9   2.07   3.55   2.31  6.71   1.3  0.12     0      0
tuneStreet      2     1.7   93.9   2.07   3.55   2.31  6.71   1.3  0.12     0      0
feastCorp       1     1.7   93.9   2.07   3.55   2.31  6.71   1.3  0.12     0      0
feastCorp       2     1.7   93.9   2.07   3.55   2.31  6.71   1.3  0.12     0      0
feastStreet     1     1.7   93.9   2.07   3.55   2.31  6.71   1.3  0.12     0      0
feastStreet     2     1.7   93.9   2.07   3.55   2.31  6.71   1.3  0.12     0      0
hidden          1     1.7   93.9   2.07   3.55   2.31  6.71   1.3  0.12     0      0
hidden          2     1.7   93.9   2.07   3.55   2.31  6.71   1.3  0.12     0      0

== no abilities | corp | careful ==
form            lvl  disc%  exit%  items  scrip  value   int  ice  hard  slip  forced
breachCorp      1     5.4   73.9   1.35   3.06   1.55  13.89   1.6   0.3     0      0
breachCorp      2     5.4   73.9   1.35   3.06   1.55  13.89   1.6   0.3     0      0
breachStreet    1     6.1   72.8   1.62   3.02   1.82  15.46  1.59   0.3     0      0
breachStreet    2     6.1   72.8   1.62   3.02   1.82  15.46  1.59   0.3     0      0
dodgeCorp       1     5.4   73.9   1.35   3.06   1.55  13.89   1.6   0.3     0      0
dodgeCorp       2     5.4   73.9   1.35   3.06   1.55  13.89   1.6   0.3     0      0
dodgeStreet     1     6.1   72.8   1.62   3.02   1.82  15.46  1.59   0.3     0      0
dodgeStreet     2     6.1   72.8   1.62   3.02   1.82  15.46  1.59   0.3     0      0
tuneCorp        1     5.4   73.9   1.35   3.06   1.55  13.89   1.6   0.3     0      0
tuneCorp        2     5.4   73.9   1.35   3.06   1.55  13.89   1.6   0.3     0      0
tuneStreet      1     6.1   72.8   1.62   3.02   1.82  15.46  1.59   0.3     0      0
tuneStreet      2     6.1   72.8   1.62   3.02   1.82  15.46  1.59   0.3     0      0
feastCorp       1     5.4   73.9   1.35   3.06   1.55  13.89   1.6   0.3     0      0
feastCorp       2     5.4   73.9   1.35   3.06   1.55  13.89   1.6   0.3     0      0
feastStreet     1     6.1   72.8   1.62   3.02   1.82  15.46  1.59   0.3     0      0
feastStreet     2     6.1   72.8   1.62   3.02   1.82  15.46  1.59   0.3     0      0
hidden          1     5.7   73.1   1.48   3.05   1.69  14.69  1.59   0.3     0      0
hidden          2     5.7   73.1   1.48   3.05   1.69  14.69  1.59   0.3     0      0

== no abilities | corp | skilled ==
form            lvl  disc%  exit%  items  scrip  value   int  ice  hard  slip  forced
breachCorp      1     1.2   94.3   1.67   3.76   1.92  8.45  1.77  0.33     0      0
breachCorp      2     1.2   94.3   1.67   3.76   1.92  8.45  1.77  0.33     0      0
breachStreet    1     2.9   93.2   2.01   3.71   2.26  10.27  1.77  0.33     0      0
breachStreet    2     2.9   93.2   2.01   3.71   2.26  10.27  1.77  0.33     0      0
dodgeCorp       1     1.2   94.3   1.67   3.76   1.92  8.45  1.77  0.33     0      0
dodgeCorp       2     1.2   94.3   1.67   3.76   1.92  8.45  1.77  0.33     0      0
dodgeStreet     1     2.9   93.2   2.01   3.71   2.26  10.27  1.77  0.33     0      0
dodgeStreet     2     2.9   93.2   2.01   3.71   2.26  10.27  1.77  0.33     0      0
tuneCorp        1     1.2   94.3   1.67   3.76   1.92  8.45  1.77  0.33     0      0
tuneCorp        2     1.2   94.3   1.67   3.76   1.92  8.45  1.77  0.33     0      0
tuneStreet      1     2.9   93.2   2.01   3.71   2.26  10.27  1.77  0.33     0      0
tuneStreet      2     2.9   93.2   2.01   3.71   2.26  10.27  1.77  0.33     0      0
feastCorp       1     1.2   94.3   1.67   3.76   1.92  8.45  1.77  0.33     0      0
feastCorp       2     1.2   94.3   1.67   3.76   1.92  8.45  1.77  0.33     0      0
feastStreet     1     2.9   93.2   2.01   3.71   2.26  10.27  1.77  0.33     0      0
feastStreet     2     2.9   93.2   2.01   3.71   2.26  10.27  1.77  0.33     0      0
hidden          1     2.2   93.6   1.84   3.75   2.09   9.3  1.77  0.33     0      0
hidden          2     2.2   93.6   1.84   3.75   2.09   9.3  1.77  0.33     0      0

== no abilities | ruins | careful ==
form            lvl  disc%  exit%  items  scrip  value   int  ice  hard  slip  forced
breachCorp      1    11.2   67.8   2.63   2.94   2.83  16.96  1.39  0.41     0      0
breachCorp      2    11.2   67.8   2.63   2.94   2.83  16.96  1.39  0.41     0      0
breachStreet    1    11.2   67.8   2.63   2.94   2.83  16.96  1.39  0.41     0      0
breachStreet    2    11.2   67.8   2.63   2.94   2.83  16.96  1.39  0.41     0      0
dodgeCorp       1    11.2   67.8   2.63   2.94   2.83  16.96  1.39  0.41     0      0
dodgeCorp       2    11.2   67.8   2.63   2.94   2.83  16.96  1.39  0.41     0      0
dodgeStreet     1    11.2   67.8   2.63   2.94   2.83  16.96  1.39  0.41     0      0
dodgeStreet     2    11.2   67.8   2.63   2.94   2.83  16.96  1.39  0.41     0      0
tuneCorp        1    11.2   67.8   2.63   2.94   2.83  16.96  1.39  0.41     0      0
tuneCorp        2    11.2   67.8   2.63   2.94   2.83  16.96  1.39  0.41     0      0
tuneStreet      1    11.2   67.8   2.63   2.94   2.83  16.96  1.39  0.41     0      0
tuneStreet      2    11.2   67.8   2.63   2.94   2.83  16.96  1.39  0.41     0      0
feastCorp       1    11.2   67.8   2.63   2.94   2.83  16.96  1.39  0.41     0      0
feastCorp       2    11.2   67.8   2.63   2.94   2.83  16.96  1.39  0.41     0      0
feastStreet     1    11.2   67.8   2.63   2.94   2.83  16.96  1.39  0.41     0      0
feastStreet     2    11.2   67.8   2.63   2.94   2.83  16.96  1.39  0.41     0      0
hidden          1    11.2   67.8   2.63   2.94   2.83  16.96  1.39  0.41     0      0
hidden          2    11.2   67.8   2.63   2.94   2.83  16.96  1.39  0.41     0      0

== no abilities | ruins | skilled ==
form            lvl  disc%  exit%  items  scrip  value   int  ice  hard  slip  forced
breachCorp      1     5.2     89   3.32   3.74   3.57  10.62  1.53  0.45     0      0
breachCorp      2     5.2     89   3.32   3.74   3.57  10.62  1.53  0.45     0      0
breachStreet    1     5.2     89   3.32   3.74   3.57  10.62  1.53  0.45     0      0
breachStreet    2     5.2     89   3.32   3.74   3.57  10.62  1.53  0.45     0      0
dodgeCorp       1     5.2     89   3.32   3.74   3.57  10.62  1.53  0.45     0      0
dodgeCorp       2     5.2     89   3.32   3.74   3.57  10.62  1.53  0.45     0      0
dodgeStreet     1     5.2     89   3.32   3.74   3.57  10.62  1.53  0.45     0      0
dodgeStreet     2     5.2     89   3.32   3.74   3.57  10.62  1.53  0.45     0      0
tuneCorp        1     5.2     89   3.32   3.74   3.57  10.62  1.53  0.45     0      0
tuneCorp        2     5.2     89   3.32   3.74   3.57  10.62  1.53  0.45     0      0
tuneStreet      1     5.2     89   3.32   3.74   3.57  10.62  1.53  0.45     0      0
tuneStreet      2     5.2     89   3.32   3.74   3.57  10.62  1.53  0.45     0      0
feastCorp       1     5.2     89   3.32   3.74   3.57  10.62  1.53  0.45     0      0
feastCorp       2     5.2     89   3.32   3.74   3.57  10.62  1.53  0.45     0      0
feastStreet     1     5.2     89   3.32   3.74   3.57  10.62  1.53  0.45     0      0
feastStreet     2     5.2     89   3.32   3.74   3.57  10.62  1.53  0.45     0      0
hidden          1     5.2     89   3.32   3.74   3.57  10.62  1.53  0.45     0      0
hidden          2     5.2     89   3.32   3.74   3.57  10.62  1.53  0.45     0      0

== no abilities | deep | careful ==
form            lvl  disc%  exit%  items  scrip  value   int  ice  hard  slip  forced
breachCorp      1      41     27   1.44   1.45   1.54  32.67  2.74  1.34     0      0
breachCorp      2      41     27   1.44   1.45   1.54  32.67  2.74  1.34     0      0
breachStreet    1      41     27   1.44   1.45   1.54  32.67  2.74  1.34     0      0
breachStreet    2      41     27   1.44   1.45   1.54  32.67  2.74  1.34     0      0
dodgeCorp       1      41     27   1.44   1.45   1.54  32.67  2.74  1.34     0      0
dodgeCorp       2      41     27   1.44   1.45   1.54  32.67  2.74  1.34     0      0
dodgeStreet     1      41     27   1.44   1.45   1.54  32.67  2.74  1.34     0      0
dodgeStreet     2      41     27   1.44   1.45   1.54  32.67  2.74  1.34     0      0
tuneCorp        1      41     27   1.44   1.45   1.54  32.67  2.74  1.34     0      0
tuneCorp        2      41     27   1.44   1.45   1.54  32.67  2.74  1.34     0      0
tuneStreet      1      41     27   1.44   1.45   1.54  32.67  2.74  1.34     0      0
tuneStreet      2      41     27   1.44   1.45   1.54  32.67  2.74  1.34     0      0
feastCorp       1      41     27   1.44   1.45   1.54  32.67  2.74  1.34     0      0
feastCorp       2      41     27   1.44   1.45   1.54  32.67  2.74  1.34     0      0
feastStreet     1      41     27   1.44   1.45   1.54  32.67  2.74  1.34     0      0
feastStreet     2      41     27   1.44   1.45   1.54  32.67  2.74  1.34     0      0
hidden          1      41     27   1.44   1.45   1.54  32.67  2.74  1.34     0      0
hidden          2      41     27   1.44   1.45   1.54  32.67  2.74  1.34     0      0

== no abilities | deep | skilled ==
form            lvl  disc%  exit%  items  scrip  value   int  ice  hard  slip  forced
breachCorp      1    24.8   59.2   2.67   2.67   2.84  24.21  3.45  1.69     0      0
breachCorp      2    24.8   59.2   2.67   2.67   2.84  24.21  3.45  1.69     0      0
breachStreet    1    24.8   59.2   2.67   2.67   2.84  24.21  3.45  1.69     0      0
breachStreet    2    24.8   59.2   2.67   2.67   2.84  24.21  3.45  1.69     0      0
dodgeCorp       1    24.8   59.2   2.67   2.67   2.84  24.21  3.45  1.69     0      0
dodgeCorp       2    24.8   59.2   2.67   2.67   2.84  24.21  3.45  1.69     0      0
dodgeStreet     1    24.8   59.2   2.67   2.67   2.84  24.21  3.45  1.69     0      0
dodgeStreet     2    24.8   59.2   2.67   2.67   2.84  24.21  3.45  1.69     0      0
tuneCorp        1    24.8   59.2   2.67   2.67   2.84  24.21  3.45  1.69     0      0
tuneCorp        2    24.8   59.2   2.67   2.67   2.84  24.21  3.45  1.69     0      0
tuneStreet      1    24.8   59.2   2.67   2.67   2.84  24.21  3.45  1.69     0      0
tuneStreet      2    24.8   59.2   2.67   2.67   2.84  24.21  3.45  1.69     0      0
feastCorp       1    24.8   59.2   2.67   2.67   2.84  24.21  3.45  1.69     0      0
feastCorp       2    24.8   59.2   2.67   2.67   2.84  24.21  3.45  1.69     0      0
feastStreet     1    24.8   59.2   2.67   2.67   2.84  24.21  3.45  1.69     0      0
feastStreet     2    24.8   59.2   2.67   2.67   2.84  24.21  3.45  1.69     0      0
hidden          1    24.8   59.2   2.67   2.67   2.84  24.21  3.45  1.69     0      0
hidden          2    24.8   59.2   2.67   2.67   2.84  24.21  3.45  1.69     0      0

== no abilities | source | careful ==
form            lvl  disc%  exit%  items  scrip  value   int  ice  hard  slip  forced
breachCorp      1      60    7.8   0.85   0.59   0.89  39.78  2.95  1.77     0      0
breachCorp      2      60    7.8   0.85   0.59   0.89  39.78  2.95  1.77     0      0
breachStreet    1      60    7.8   0.85   0.59   0.89  39.78  2.95  1.77     0      0
breachStreet    2      60    7.8   0.85   0.59   0.89  39.78  2.95  1.77     0      0
dodgeCorp       1      60    7.8   0.85   0.59   0.89  39.78  2.95  1.77     0      0
dodgeCorp       2      60    7.8   0.85   0.59   0.89  39.78  2.95  1.77     0      0
dodgeStreet     1      60    7.8   0.85   0.59   0.89  39.78  2.95  1.77     0      0
dodgeStreet     2      60    7.8   0.85   0.59   0.89  39.78  2.95  1.77     0      0
tuneCorp        1      60    7.8   0.85   0.59   0.89  39.78  2.95  1.77     0      0
tuneCorp        2      60    7.8   0.85   0.59   0.89  39.78  2.95  1.77     0      0
tuneStreet      1      60    7.8   0.85   0.59   0.89  39.78  2.95  1.77     0      0
tuneStreet      2      60    7.8   0.85   0.59   0.89  39.78  2.95  1.77     0      0
feastCorp       1      60    7.8   0.85   0.59   0.89  39.78  2.95  1.77     0      0
feastCorp       2      60    7.8   0.85   0.59   0.89  39.78  2.95  1.77     0      0
feastStreet     1      60    7.8   0.85   0.59   0.89  39.78  2.95  1.77     0      0
feastStreet     2      60    7.8   0.85   0.59   0.89  39.78  2.95  1.77     0      0
hidden          1      60    7.8   0.85   0.59   0.89  39.78  2.95  1.77     0      0
hidden          2      60    7.8   0.85   0.59   0.89  39.78  2.95  1.77     0      0

== no abilities | source | skilled ==
form            lvl  disc%  exit%  items  scrip  value   int  ice  hard  slip  forced
breachCorp      1    43.9   32.1   2.28   1.73   2.39  33.8  4.08  2.44     0      0
breachCorp      2    43.9   32.1   2.28   1.73   2.39  33.8  4.08  2.44     0      0
breachStreet    1    43.9   32.1   2.28   1.73   2.39  33.8  4.08  2.44     0      0
breachStreet    2    43.9   32.1   2.28   1.73   2.39  33.8  4.08  2.44     0      0
dodgeCorp       1    43.9   32.1   2.28   1.73   2.39  33.8  4.08  2.44     0      0
dodgeCorp       2    43.9   32.1   2.28   1.73   2.39  33.8  4.08  2.44     0      0
dodgeStreet     1    43.9   32.1   2.28   1.73   2.39  33.8  4.08  2.44     0      0
dodgeStreet     2    43.9   32.1   2.28   1.73   2.39  33.8  4.08  2.44     0      0
tuneCorp        1    43.9   32.1   2.28   1.73   2.39  33.8  4.08  2.44     0      0
tuneCorp        2    43.9   32.1   2.28   1.73   2.39  33.8  4.08  2.44     0      0
tuneStreet      1    43.9   32.1   2.28   1.73   2.39  33.8  4.08  2.44     0      0
tuneStreet      2    43.9   32.1   2.28   1.73   2.39  33.8  4.08  2.44     0      0
feastCorp       1    43.9   32.1   2.28   1.73   2.39  33.8  4.08  2.44     0      0
feastCorp       2    43.9   32.1   2.28   1.73   2.39  33.8  4.08  2.44     0      0
feastStreet     1    43.9   32.1   2.28   1.73   2.39  33.8  4.08  2.44     0      0
feastStreet     2    43.9   32.1   2.28   1.73   2.39  33.8  4.08  2.44     0      0
hidden          1    43.9   32.1   2.28   1.73   2.39  33.8  4.08  2.44     0      0
hidden          2    43.9   32.1   2.28   1.73   2.39  33.8  4.08  2.44     0      0

== abilities | public | careful ==
form            lvl  disc%  exit%  items  scrip  value   int  ice  hard  slip  forced
breachCorp      1     0.9   84.7   1.83   3.54   2.07  11.08   1.5  0.07     0      0
breachCorp      2     0.2   93.1   1.96   3.83   2.21  2.66  1.55  0.07     0      0
breachStreet    1     0.8   88.2   1.98   3.67   2.23  8.91  1.53  0.07     0      0
breachStreet    2     0.2   96.7   2.12   3.96   2.38  4.75  1.59  0.08     0      0
dodgeCorp       1     1.3   95.6   1.89   3.91   2.15  5.81  1.59  0.05  0.95      0
dodgeCorp       2     0.7   97.5   1.99   3.97   2.25  4.42   1.6  0.04  1.08      0
dodgeStreet     1     1.4     90   1.92    3.7   2.16  7.19  1.55  0.06  0.71      0
dodgeStreet     2     0.9   91.7   1.94   3.79   2.19  5.87  1.56  0.04  0.81      0
tuneCorp        1     3.2   82.4   1.83   3.59   2.07  10.65  1.36  0.06     0      0
tuneCorp        2     3.1   90.1   1.97   3.87   2.23  2.44  1.36  0.05     0      0
tuneStreet      1     4.4   81.3   1.86   3.41   2.09  11.61  1.49  0.07     0      0
tuneStreet      2     0.8     89   2.05   3.84   2.31  -0.4  1.39  0.06     0      0
feastCorp       1     3.5   83.8   2.64   6.99   3.11   5.5   1.5  0.07     0      0
feastCorp       2     1.7   88.6   3.49   8.48   4.05  2.03  1.31  0.07     0    0.9
feastStreet     1     3.6   83.4    2.3   3.23   2.51  5.72  1.49  0.07     0      0
feastStreet     2     3.1   84.9   2.73   3.02   2.93  2.47   1.5  0.07     0      0
hidden          1     1.1   90.1   2.06   3.87   2.31  6.57  1.34  0.05  0.41      0
hidden          2     0.4   93.3   2.07   3.96   2.33  4.69  1.36  0.03  0.76      0

== abilities | public | skilled ==
form            lvl  disc%  exit%  items  scrip  value   int  ice  hard  slip  forced
breachCorp      1     0.2     96   2.05   3.95   2.32  6.51  1.58  0.08     0      0
breachCorp      2       0   99.4   2.11   4.08   2.38  -2.97   1.6  0.08     0      0
breachStreet    1     0.4   98.9    2.2   4.05   2.47  5.38   1.6  0.08     0      0
breachStreet    2     0.1   99.7   2.22   4.08   2.49  2.85  1.61  0.08     0      0
dodgeCorp       1     0.6   99.1   1.97   4.02   2.24  3.67  1.61  0.05  0.95      0
dodgeCorp       2     0.3   99.5   2.05   4.04   2.32  2.68  1.61  0.04  1.09      0
dodgeStreet     1     0.5   97.8   2.08   3.98   2.34  4.51   1.6  0.06  0.73      0
dodgeStreet     2     0.4   97.8   2.07   4.01   2.33   3.3   1.6  0.04  0.84      0
tuneCorp        1     0.7   95.7    2.1    4.1   2.38  5.97  1.45  0.06     0      0
tuneCorp        2     0.8   98.8   2.18   4.24   2.46  -3.06  1.42  0.06     0      0
tuneStreet      1     1.5   95.1   2.13   3.92   2.39  6.93  1.58  0.08     0      0
tuneStreet      2     0.4   98.5   2.27   4.21   2.55  -6.82  1.47  0.06     0      0
feastCorp       1     1.1   95.7      3   7.88   3.53  -2.01  1.58  0.08     0      0
feastCorp       2     0.4   97.6   3.83   9.22   4.44  -4.64  1.36  0.07     0   0.92
feastStreet     1     1.1   95.9   2.62   3.66   2.87  -1.76  1.58  0.08     0      0
feastStreet     2     1.1   95.9   3.09   3.39   3.31  -5.65  1.58  0.08     0      0
hidden          1     0.3   98.1   2.22   4.19    2.5  3.93  1.39  0.05  0.42      0
hidden          2       0   98.8   2.17   4.19   2.45   2.8   1.4  0.03  0.79      0

== abilities | bazaar | careful ==
form            lvl  disc%  exit%  items  scrip  value   int  ice  hard  slip  forced
breachCorp      1     1.2   81.5   1.86   3.14   2.07  10.86  1.23  0.12     0      0
breachCorp      2     0.3   91.4      2   3.48   2.23  2.42  1.28  0.12     0      0
breachStreet    1     1.3     86   1.93    3.3   2.15  8.62  1.25  0.12     0      0
breachStreet    2     0.2   95.6   2.07   3.62   2.31  4.59  1.31  0.12     0      0
dodgeCorp       1     1.1   93.2   1.92   3.59   2.16  5.23   1.3  0.08  0.82      0
dodgeCorp       2     0.8   94.7   1.93   3.64   2.18   4.3   1.3  0.05  0.91      0
dodgeStreet     1     1.6   88.1   1.89   3.38   2.11  7.16  1.27  0.09  0.56      0
dodgeStreet     2     1.6   89.3    1.9    3.4   2.13  6.56  1.28  0.07  0.64      0
tuneCorp        1     2.9   81.8    1.9   3.22   2.11  10.36   1.1  0.11     0      0
tuneCorp        2     2.6   89.9   2.02   3.51   2.25  1.28  1.09  0.11     0      0
tuneStreet      1     4.6   78.7    1.8   3.03      2  11.3  1.22  0.12     0      0
tuneStreet      2     0.8   88.6   2.01   3.47   2.24  -2.75  1.13  0.11     0      0
feastCorp       1     3.7   81.1   2.65   6.23   3.06  6.08  1.23  0.12     0      0
feastCorp       2     2.4   84.4   3.47   7.62   3.98   4.1   1.1   0.1     0   0.93
feastStreet     1     3.7   81.3   2.14   2.96   2.34  6.02  1.23  0.12     0      0
feastStreet     2     3.4   82.7   2.45   2.82   2.64  3.13  1.24  0.12     0      0
hidden          1     1.3   86.5   1.94   3.45   2.17  7.66  1.05  0.09  0.28      0
hidden          2     0.7   90.8      2   3.58   2.24  5.34  1.07  0.07  0.56      0

== abilities | bazaar | skilled ==
form            lvl  disc%  exit%  items  scrip  value   int  ice  hard  slip  forced
breachCorp      1     0.2   95.2    2.1    3.6   2.34   6.5  1.31  0.12     0      0
breachCorp      2     0.1   99.5   2.16   3.74   2.41  -2.87  1.33  0.12     0      0
breachStreet    1     0.4   98.6   2.15   3.71    2.4   5.2  1.32  0.12     0      0
breachStreet    2       0   99.9   2.17   3.75   2.42   2.8  1.33  0.12     0      0
dodgeCorp       1     0.4   98.9   2.02   3.77   2.27  3.46  1.32  0.08  0.83      0
dodgeCorp       2     0.4   98.9      2   3.78   2.26  3.01  1.32  0.05  0.93      0
dodgeStreet     1     0.6   97.3   2.05   3.69    2.3  4.12  1.32  0.09  0.58      0
dodgeStreet     2     0.6   97.8   2.05   3.69    2.3  3.82  1.32  0.07  0.66      0
tuneCorp        1     0.9   95.2   2.15    3.7   2.39  6.32  1.18  0.11     0      0
tuneCorp        2     0.7   99.3   2.21   3.85   2.47  -3.57  1.13  0.11     0      0
tuneStreet      1     1.7   93.9   2.07   3.55   2.31  6.71   1.3  0.12     0      0
tuneStreet      2     0.1     99   2.21   3.83   2.46  -8.4  1.19  0.11     0      0
feastCorp       1     1.3   95.9   3.06   7.22   3.54  -0.81  1.31  0.12     0      0
feastCorp       2     1.1   95.9   3.88   8.53   4.45  -3.04  1.15   0.1     0   0.96
feastStreet     1     1.3     96   2.48   3.42   2.71  -0.84  1.31  0.12     0      0
feastStreet     2     1.2   96.3   2.83   3.24   3.05  -4.28  1.31  0.12     0      0
hidden          1     0.5   96.9   2.13   3.84   2.39  4.35   1.1  0.09  0.29      0
hidden          2     0.1   98.1   2.13   3.88   2.39   3.3   1.1  0.07  0.58      0

== abilities | corp | careful ==
form            lvl  disc%  exit%  items  scrip  value   int  ice  hard  slip  forced
breachCorp      1     2.1   76.4   1.39   3.15    1.6  13.56  1.62   0.3     0      0
breachCorp      2     0.6   89.4   1.55   3.59   1.79  4.73  1.71  0.32     0      0
breachStreet    1     2.3   81.2   1.77   3.32   1.99  12.54  1.67  0.32     0      0
breachStreet    2     0.8     93   1.94   3.73   2.19  8.05  1.77  0.33     0      0
dodgeCorp       1     1.6   90.8    1.5   3.66   1.74   8.1  1.75  0.24  0.94      0
dodgeCorp       2     1.2     93    1.8   3.75   2.05  5.27  1.77  0.18  1.11      0
dodgeStreet     1     2.3   84.3   1.71   3.49   1.94  10.48  1.68  0.26  0.67      0
dodgeStreet     2     0.8   89.8   1.78   3.67   2.03  6.68  1.72   0.2  0.85      0
tuneCorp        1     3.7   75.4   1.42   3.22   1.63  12.86  1.49  0.29     0      0
tuneCorp        2     2.6   88.3    1.6   3.67   1.84  3.75  1.53  0.31     0      0
tuneStreet      1     6.1   72.8   1.62   3.02   1.82  15.46  1.59   0.3     0      0
tuneStreet      2     1.5   84.6   1.86   3.55   2.09  2.52  1.56  0.31     0      0
feastCorp       1       4   77.9   2.19    6.4   2.62  8.13  1.63   0.3     0      0
feastCorp       2     3.7   82.2   2.95   7.77   3.46  5.58  1.49  0.28     0   0.91
feastStreet     1     4.1   77.9   2.07   3.02   2.27  9.97  1.63  0.31     0      0
feastStreet     2     3.5   80.3   2.49   2.87   2.68  6.23  1.65  0.31     0      0
hidden          1     1.1   84.8   1.86   3.61    2.1  8.42   1.5  0.26   0.4      0
hidden          2     0.3   90.2   1.88   3.81   2.13  5.89  1.54  0.18  0.82      0

== abilities | corp | skilled ==
form            lvl  disc%  exit%  items  scrip  value   int  ice  hard  slip  forced
breachCorp      1     0.5   94.8   1.68   3.78   1.93  8.38  1.78  0.34     0      0
breachCorp      2       0   99.4   1.74   3.94      2  -1.52   1.8  0.34     0      0
breachStreet    1     0.7   98.1   2.08   3.89   2.34   8.4  1.81  0.34     0      0
breachStreet    2     0.2   99.5    2.1   3.94   2.36  5.36  1.81  0.34     0      0
dodgeCorp       1     0.4   97.9   1.62   3.91   1.88   5.3   1.8  0.25  0.94      0
dodgeCorp       2     0.3   98.7    1.9   3.94   2.16  2.85  1.81  0.18  1.12      0
dodgeStreet     1     0.9   96.8   1.93   3.91   2.19  7.22  1.79  0.27  0.71      0
dodgeStreet     2     0.5     98   1.94   3.92   2.21     4   1.8  0.22  0.86      0
tuneCorp        1     1.3   94.8   1.73   3.89   1.99  7.93  1.65  0.33     0      0
tuneCorp        2     0.9   98.9   1.81   4.04   2.08    -2  1.63  0.33     0      0
tuneStreet      1     2.9   93.2   2.01   3.71   2.26  10.27  1.77  0.33     0      0
tuneStreet      2     0.5   98.5   2.13   4.03    2.4  -4.32  1.68  0.34     0      0
feastCorp       1     0.6   96.3   2.66   7.67   3.17  -0.64  1.79  0.34     0      0
feastCorp       2     1.2   96.8   3.41   8.97   4.01  -3.83   1.6   0.3     0   0.96
feastStreet     1     1.6   95.8    2.5   3.61   2.74  1.54  1.79  0.33     0      0
feastStreet     2     1.2   96.4      3    3.4   3.22  -3.06  1.79  0.34     0      0
hidden          1     0.5   97.4   2.09   4.04   2.36  4.52  1.59  0.28  0.41      0
hidden          2     0.4   98.5   2.03   4.09    2.3  3.23   1.6  0.19  0.84      0

== abilities | ruins | careful ==
form            lvl  disc%  exit%  items  scrip  value   int  ice  hard  slip  forced
breachCorp      1       4   72.6    2.8   3.13   3.01    16  1.41  0.42     0      0
breachCorp      2       1   84.4   3.14   3.55   3.37  7.97  1.49  0.44     0      0
breachStreet    1     5.6   77.2   2.92   3.28   3.14  13.36  1.44  0.42     0      0
breachStreet    2     1.3   92.1   3.36   3.85   3.62  7.51  1.55  0.46     0      0
dodgeCorp       1     3.9   85.5   3.12   3.63   3.36  10.09  1.53  0.31  0.82      0
dodgeCorp       2     2.9   88.5   3.19   3.74   3.44  8.36  1.55  0.21  0.99      0
dodgeStreet     1       5   79.2   2.95   3.39   3.18  11.75  1.47  0.35  0.57      0
dodgeStreet     2     3.8   82.2   3.01   3.48   3.24  10.91  1.49  0.29   0.7      0
tuneCorp        1     8.1   70.1   2.76   3.11   2.97  15.64   1.3  0.38     0      0
tuneCorp        2     7.2   79.7   3.03    3.5   3.26     7  1.27  0.38     0      0
tuneStreet      1    11.2   67.8   2.63   2.94   2.83  16.96  1.39  0.41     0      0
tuneStreet      2     5.1   78.5   3.01   3.41   3.23  3.87  1.33  0.39     0      0
feastCorp       1    10.1   69.7   3.38   6.01   3.78  11.87  1.39  0.41     0      0
feastCorp       2     5.3   77.2    4.3   7.69   4.81  7.86  1.24  0.37     0   0.86
feastStreet     1     9.8   69.8   3.09   2.79   3.27  11.86  1.39  0.41     0      0
feastStreet     2     9.4   71.2   3.49   2.63   3.66  9.72   1.4  0.42     0      0
hidden          1     4.9   78.1   2.98   3.52   3.22  12.29  1.25  0.32  0.29      0
hidden          2     1.9   85.9   3.18    3.8   3.44  9.04  1.29  0.22  0.65      0

== abilities | ruins | skilled ==
form            lvl  disc%  exit%  items  scrip  value   int  ice  hard  slip  forced
breachCorp      1     1.3   91.5   3.41   3.84   3.66  10.09  1.54  0.46     0      0
breachCorp      2     0.4     97   3.56   4.04   3.83  1.25  1.58  0.47     0      0
breachStreet    1     2.5     94   3.47   3.93   3.73   8.5  1.56  0.46     0      0
breachStreet    2     0.6   98.8   3.61   4.12   3.88  4.71  1.58  0.47     0      0
dodgeCorp       1     1.5   94.6   3.39   3.95   3.66  6.11  1.57  0.32  0.83      0
dodgeCorp       2     1.4   95.5    3.4      4   3.67  5.32  1.57  0.22     1      0
dodgeStreet     1     2.4   92.1   3.35   3.84   3.61  7.58  1.55  0.37   0.6      0
dodgeStreet     2     1.7   93.4   3.36   3.88   3.62  6.95  1.56   0.3  0.73      0
tuneCorp        1     3.3   89.8    3.4   3.88   3.66   9.5  1.42  0.42     0      0
tuneCorp        2       3   95.7   3.58   4.13   3.85  0.12  1.36   0.4     0      0
tuneStreet      1     5.2     89   3.32   3.74   3.57  10.62  1.53  0.45     0      0
tuneStreet      2     2.3   94.3   3.53   4.04    3.8  -4.42  1.45  0.43     0      0
feastCorp       1     4.3   90.6   4.26    7.6   4.77  2.45  1.54  0.45     0      0
feastCorp       2     2.1   93.4   5.12   9.01   5.72  -0.54  1.33   0.4     0   0.92
feastStreet     1     4.4   90.7   3.85   3.53   4.09   2.8  1.54  0.45     0      0
feastStreet     2     4.4   91.4   4.33   3.32   4.55  -0.26  1.55  0.46     0      0
hidden          1     2.8   91.7   3.42      4   3.68  8.22  1.32  0.34  0.31      0
hidden          2     1.3   94.2   3.43    4.1    3.7  6.15  1.33  0.23  0.67      0

== abilities | deep | careful ==
form            lvl  disc%  exit%  items  scrip  value   int  ice  hard  slip  forced
breachCorp      1    24.9   33.5   1.76   1.79   1.88  30.41  2.97  1.45     0      0
breachCorp      2    16.1     53   2.41   2.53   2.57  24.15  3.36  1.65     0      0
breachStreet    1    30.4   37.8   1.87   1.93      2  28.45  3.09  1.51     0      0
breachStreet    2      20   61.3   2.64   2.83   2.83  22.23  3.57  1.75     0      0
dodgeCorp       1    29.7   46.4      2   2.23   2.15  27.05   3.3  1.25  1.16      0
dodgeCorp       2    25.5   53.9   2.21   2.49   2.38  24.41  3.45  1.02   1.6      0
dodgeStreet     1    29.1   45.2   1.97   2.11   2.11  26.65  3.18   1.2  1.08      0
dodgeStreet     2    23.7   52.5   2.18   2.39   2.34  23.52  3.31  1.01  1.47      0
tuneCorp        1    35.5   29.4   1.63   1.69   1.74  30.96  2.58  1.27     0      0
tuneCorp        2    36.3   43.1   2.05   2.21    2.2  25.83  2.73  1.38     0      0
tuneStreet      1      41     27   1.44   1.45   1.54  32.67  2.74  1.34     0      0
tuneStreet      2    28.9   41.2   2.07   2.17   2.21  23.48  2.78  1.37     0      0
feastCorp       1    37.7   34.2   2.03   3.45   2.26  27.72  2.85  1.39     0      0
feastCorp       2    36.5   40.4   2.69   4.56   2.99  25.28  2.75  1.37     0   0.83
feastStreet     1    39.2   32.1   1.99   1.47   2.09  28.34  2.85   1.4     0      0
feastStreet     2    35.5   38.4   2.61   1.55   2.72  25.08  2.95  1.44     0      0
hidden          1    24.8   43.1   2.09   2.27   2.24  25.59  2.64  1.14   0.6      0
hidden          2    15.1   59.6    2.6   2.94    2.8  19.93  2.92  0.87  1.44      0

== abilities | deep | skilled ==
form            lvl  disc%  exit%  items  scrip  value   int  ice  hard  slip  forced
breachCorp      1    14.2   65.6   2.93   2.96   3.13  22.73  3.59  1.76     0      0
breachCorp      2     7.9   82.4   3.46   3.58   3.69  13.85  3.84  1.88     0      0
breachStreet    1    17.1     72    3.1   3.16   3.31  20.3  3.71  1.81     0      0
breachStreet    2     8.1   87.4   3.63   3.74   3.88  13.58  3.93  1.93     0      0
dodgeCorp       1    18.3   70.6   2.88   3.11   3.09  20.1  3.69  1.43  1.22      0
dodgeCorp       2    14.5   75.5   2.99   3.29    3.2  17.51  3.77  1.16  1.69      0
dodgeStreet     1    15.9   72.3   2.92   3.17   3.13  18.83  3.67  1.41  1.24      0
dodgeStreet     2    12.3   77.3   3.05   3.35   3.27  16.21  3.74  1.15  1.66      0
tuneCorp        1    23.3   59.7   2.78   2.88   2.97  23.73   3.2  1.59     0      0
tuneCorp        2    21.5   73.4   3.22   3.42   3.45  15.26  3.27  1.63     0      0
tuneStreet      1    24.8   59.2   2.67   2.67   2.84  24.21  3.45  1.69     0      0
tuneStreet      2    16.5   75.1   3.27   3.48    3.5  11.33  3.41  1.68     0      0
feastCorp       1    20.3   70.5    3.7   6.17   4.11  13.06  3.59  1.76     0      0
feastCorp       2    18.4   74.3    4.5   7.79   5.02  11.06  3.36  1.66     0   0.95
feastStreet     1    21.5   69.5    3.6   2.81   3.79  13.62  3.61  1.77     0      0
feastStreet     2    16.9   76.7   4.53   2.93   4.73  8.09   3.7  1.81     0      0
hidden          1    15.8   69.5   3.04   3.35   3.26  18.72  3.11  1.35  0.71      0
hidden          2     8.8   80.2    3.3   3.78   3.56  13.9  3.24  0.98  1.59      0

== abilities | source | careful ==
form            lvl  disc%  exit%  items  scrip  value   int  ice  hard  slip  forced
breachCorp      1    41.6   11.7   1.25    0.9   1.31  37.11  3.31  1.96     0      0
breachCorp      2    30.8   22.9   1.88   1.41   1.97  30.68  3.85  2.29     0      0
breachStreet    1      48   12.4   1.22   0.88   1.28  36.12  3.33  1.99     0      0
breachStreet    2    38.3   26.3   2.03   1.58   2.14  32.81  4.18  2.48     0      0
dodgeCorp       1    47.2   20.7   1.55   1.25   1.63  35.43  3.76  1.72  1.19      0
dodgeCorp       2    42.1   25.4   1.76   1.46   1.85  33.66     4  1.49  1.71      0
dodgeStreet     1    45.1   20.6   1.52   1.21    1.6  34.75  3.58  1.61  1.18      0
dodgeStreet     2      41   26.8   1.79   1.49   1.89  32.5  3.87   1.4   1.7      0
tuneCorp        1    53.2    9.1   1.01   0.79   1.06  38.3  2.78  1.69     0      0
tuneCorp        2    57.5   15.6   1.29   1.07   1.36  35.89     3  1.83     0      0
tuneStreet      1      60    7.8   0.85   0.59   0.89  39.78  2.95  1.77     0      0
tuneStreet      2      47   15.4   1.41   1.11   1.48  33.43  3.03  1.82     0      0
feastCorp       1    55.3   12.9   1.25   1.72   1.36  36.36  3.15  1.89     0      0
feastCorp       2    53.3   17.9   1.78   2.57   1.95  35.46  3.19  1.91     0   0.63
feastStreet     1    55.8   13.1   1.38   0.79   1.44  36.37  3.12  1.86     0      0
feastStreet     2    53.6   16.8   1.85   0.92   1.91  34.69  3.27  1.96     0      0
hidden          1    43.4   19.1   1.62   1.31   1.71  34.92  3.11  1.59  0.69      0
hidden          2    29.8   33.6    2.3   2.07   2.44  29.21  3.58  1.24  1.72      0

== abilities | source | skilled ==
form            lvl  disc%  exit%  items  scrip  value   int  ice  hard  slip  forced
breachCorp      1    27.9   38.8    2.8   2.12   2.94  31.45  4.33  2.58     0      0
breachCorp      2    19.6   57.9   3.72    2.9   3.92  23.32  4.89  2.91     0      0
breachStreet    1    33.4   44.2   2.97    2.3   3.12  30.63  4.52  2.69     0      0
breachStreet    2    25.3   61.4   3.83   3.08   4.04  25.52  5.14  3.05     0      0
dodgeCorp       1    36.1   45.1   2.82   2.28   2.98  29.92  4.65  2.19  1.32      0
dodgeCorp       2    31.1   50.8      3   2.54   3.17  27.73   4.8  1.83  1.94      0
dodgeStreet     1    33.7   46.4   2.78   2.39   2.94  29.14  4.59  2.04  1.51      0
dodgeStreet     2    29.2   53.9   3.08   2.66   3.26  26.49  4.77   1.7  2.11      0
tuneCorp        1    41.2   33.4    2.4   1.94   2.53  33.37  3.84  2.31     0      0
tuneCorp        2    42.1   50.2   3.12   2.66   3.29  27.43   4.1  2.46     0      0
tuneStreet      1    43.9   32.1   2.28   1.73   2.39  33.8  4.08  2.44     0      0
tuneStreet      2    31.6   53.2   3.41   2.83    3.6  23.89  4.35  2.61     0      0
feastCorp       1    36.5   49.8   3.59   4.97   3.92  24.39   4.5  2.68     0      0
feastCorp       2    33.9   54.5   4.31   6.28   4.72  21.78  4.38  2.61     0   0.85
feastStreet     1    36.4   49.9   3.68   2.39   3.84  24.7   4.5  2.68     0      0
feastStreet     2    31.9   58.3   4.78   2.81   4.96  19.53  4.71   2.8     0      0
hidden          1    32.3   45.2   2.99   2.57   3.16  29.84  3.95  2.01  0.86      0
hidden          2    21.7   59.1   3.57   3.27   3.78  24.49  4.28  1.48  2.04      0

== abilities + tiers | public | careful ==
form            lvl  disc%  exit%  items  scrip  value   int  ice  hard  slip  forced
breachCorp      1     0.9   84.7   1.83   3.54   2.07  11.08   1.5  0.07     0      0
breachCorp      2     0.2   93.1   1.96   3.83   2.21  2.66  1.55  0.07     0      0
breachStreet    1     0.8   88.2   1.98   3.67   2.23  8.91  1.53  0.07     0      0
breachStreet    2     0.2   96.7   2.12   3.96   2.38  4.75  1.59  0.08     0      0
dodgeCorp       1     1.3   95.6   1.89   3.91   2.15  5.81  1.59  0.05  0.95      0
dodgeCorp       2     0.7   97.5   1.99   3.97   2.25  4.42   1.6  0.04  1.08      0
dodgeStreet     1     1.4     90   1.92    3.7   2.16  7.19  1.55  0.06  0.71      0
dodgeStreet     2     0.9   91.7   1.94   3.79   2.19  5.87  1.56  0.04  0.81      0
tuneCorp        1     3.2   82.4   1.83   3.59   2.07  10.65  1.36  0.06     0      0
tuneCorp        2     3.1   90.1   1.97   3.87   2.23  2.44  1.36  0.05     0      0
tuneStreet      1     4.4   81.3   1.86   3.41   2.09  11.61  1.49  0.07     0      0
tuneStreet      2     0.8     89   2.05   3.84   2.31  -0.4  1.39  0.06     0      0
feastCorp       1     3.5   83.8   2.64   6.99   3.11   5.5   1.5  0.07     0      0
feastCorp       2     1.7   88.6   3.49   8.48   4.05  2.03  1.31  0.07     0    0.9
feastStreet     1     3.6   83.4    2.3   3.23   2.51  5.72  1.49  0.07     0      0
feastStreet     2     3.1   84.9   2.73   3.02   2.93  2.47   1.5  0.07     0      0
hidden          1     1.1   90.1   2.06   3.87   2.31  6.57  1.34  0.05  0.41      0
hidden          2     0.4   93.3   2.07   3.96   2.33  4.69  1.36  0.03  0.76      0

== abilities + tiers | public | skilled ==
form            lvl  disc%  exit%  items  scrip  value   int  ice  hard  slip  forced
breachCorp      1     0.2     96   2.05   3.95   2.32  6.51  1.58  0.08     0      0
breachCorp      2       0   99.4   2.11   4.08   2.38  -2.97   1.6  0.08     0      0
breachStreet    1     0.4   98.9    2.2   4.05   2.47  5.38   1.6  0.08     0      0
breachStreet    2     0.1   99.7   2.22   4.08   2.49  2.85  1.61  0.08     0      0
dodgeCorp       1     0.6   99.1   1.97   4.02   2.24  3.67  1.61  0.05  0.95      0
dodgeCorp       2     0.3   99.5   2.05   4.04   2.32  2.68  1.61  0.04  1.09      0
dodgeStreet     1     0.5   97.8   2.08   3.98   2.34  4.51   1.6  0.06  0.73      0
dodgeStreet     2     0.4   97.8   2.07   4.01   2.33   3.3   1.6  0.04  0.84      0
tuneCorp        1     0.7   95.7    2.1    4.1   2.38  5.97  1.45  0.06     0      0
tuneCorp        2     0.8   98.8   2.18   4.24   2.46  -3.06  1.42  0.06     0      0
tuneStreet      1     1.5   95.1   2.13   3.92   2.39  6.93  1.58  0.08     0      0
tuneStreet      2     0.4   98.5   2.27   4.21   2.55  -6.82  1.47  0.06     0      0
feastCorp       1     1.1   95.7      3   7.88   3.53  -2.01  1.58  0.08     0      0
feastCorp       2     0.4   97.6   3.83   9.22   4.44  -4.64  1.36  0.07     0   0.92
feastStreet     1     1.1   95.9   2.62   3.66   2.87  -1.76  1.58  0.08     0      0
feastStreet     2     1.1   95.9   3.09   3.39   3.31  -5.65  1.58  0.08     0      0
hidden          1     0.3   98.1   2.22   4.19    2.5  3.93  1.39  0.05  0.42      0
hidden          2       0   98.8   2.17   4.19   2.45   2.8   1.4  0.03  0.79      0

== abilities + tiers | bazaar | careful ==
form            lvl  disc%  exit%  items  scrip  value   int  ice  hard  slip  forced
breachCorp      1     1.2   81.5   1.86   3.14   2.07  10.86  1.23  0.12     0      0
breachCorp      2     0.3   91.4      2   3.48   2.23  2.42  1.28  0.12     0      0
breachStreet    1     1.3     86   1.93    3.3   2.15  8.62  1.25  0.12     0      0
breachStreet    2     0.2   95.6   2.07   3.62   2.31  4.59  1.31  0.12     0      0
dodgeCorp       1     1.1   93.2   1.92   3.59   2.16  5.23   1.3  0.08  0.82      0
dodgeCorp       2     0.8   94.7   1.93   3.64   2.18   4.3   1.3  0.05  0.91      0
dodgeStreet     1     1.6   88.1   1.89   3.38   2.11  7.16  1.27  0.09  0.56      0
dodgeStreet     2     1.6   89.3    1.9    3.4   2.13  6.56  1.28  0.07  0.64      0
tuneCorp        1     2.9   81.8    1.9   3.22   2.11  10.36   1.1  0.11     0      0
tuneCorp        2     2.6   89.9   2.02   3.51   2.25  1.28  1.09  0.11     0      0
tuneStreet      1     4.6   78.7    1.8   3.03      2  11.3  1.22  0.12     0      0
tuneStreet      2     0.8   88.6   2.01   3.47   2.24  -2.75  1.13  0.11     0      0
feastCorp       1     3.7   81.1   2.65   6.23   3.06  6.08  1.23  0.12     0      0
feastCorp       2     2.4   84.4   3.47   7.62   3.98   4.1   1.1   0.1     0   0.93
feastStreet     1     3.7   81.3   2.14   2.96   2.34  6.02  1.23  0.12     0      0
feastStreet     2     3.4   82.7   2.45   2.82   2.64  3.13  1.24  0.12     0      0
hidden          1     1.3   86.5   1.94   3.45   2.17  7.66  1.05  0.09  0.28      0
hidden          2     0.7   90.8      2   3.58   2.24  5.34  1.07  0.07  0.56      0

== abilities + tiers | bazaar | skilled ==
form            lvl  disc%  exit%  items  scrip  value   int  ice  hard  slip  forced
breachCorp      1     0.2   95.2    2.1    3.6   2.34   6.5  1.31  0.12     0      0
breachCorp      2     0.1   99.5   2.16   3.74   2.41  -2.87  1.33  0.12     0      0
breachStreet    1     0.4   98.6   2.15   3.71    2.4   5.2  1.32  0.12     0      0
breachStreet    2       0   99.9   2.17   3.75   2.42   2.8  1.33  0.12     0      0
dodgeCorp       1     0.4   98.9   2.02   3.77   2.27  3.46  1.32  0.08  0.83      0
dodgeCorp       2     0.4   98.9      2   3.78   2.26  3.01  1.32  0.05  0.93      0
dodgeStreet     1     0.6   97.3   2.05   3.69    2.3  4.12  1.32  0.09  0.58      0
dodgeStreet     2     0.6   97.8   2.05   3.69    2.3  3.82  1.32  0.07  0.66      0
tuneCorp        1     0.9   95.2   2.15    3.7   2.39  6.32  1.18  0.11     0      0
tuneCorp        2     0.7   99.3   2.21   3.85   2.47  -3.57  1.13  0.11     0      0
tuneStreet      1     1.7   93.9   2.07   3.55   2.31  6.71   1.3  0.12     0      0
tuneStreet      2     0.1     99   2.21   3.83   2.46  -8.4  1.19  0.11     0      0
feastCorp       1     1.3   95.9   3.06   7.22   3.54  -0.81  1.31  0.12     0      0
feastCorp       2     1.1   95.9   3.88   8.53   4.45  -3.04  1.15   0.1     0   0.96
feastStreet     1     1.3     96   2.48   3.42   2.71  -0.84  1.31  0.12     0      0
feastStreet     2     1.2   96.3   2.83   3.24   3.05  -4.28  1.31  0.12     0      0
hidden          1     0.5   96.9   2.13   3.84   2.39  4.35   1.1  0.09  0.29      0
hidden          2     0.1   98.1   2.13   3.88   2.39   3.3   1.1  0.07  0.58      0

== abilities + tiers | corp | careful ==
form            lvl  disc%  exit%  items  scrip  value   int  ice  hard  slip  forced
breachCorp      1     2.1   76.4   1.39   3.15    1.6  13.56  1.62   0.3     0      0
breachCorp      2     0.6   89.4   1.55   3.59   1.79  4.73  1.71  0.32     0      0
breachStreet    1     2.3   81.2   1.77   3.32   1.99  12.54  1.67  0.32     0      0
breachStreet    2     0.8     93   1.94   3.73   2.19  8.05  1.77  0.33     0      0
dodgeCorp       1     1.6   90.8    1.5   3.66   1.74   8.1  1.75  0.24  0.94      0
dodgeCorp       2     1.2     93    1.8   3.75   2.05  5.27  1.77  0.18  1.11      0
dodgeStreet     1     2.3   84.3   1.71   3.49   1.94  10.48  1.68  0.26  0.67      0
dodgeStreet     2     0.8   89.8   1.78   3.67   2.03  6.68  1.72   0.2  0.85      0
tuneCorp        1     3.7   75.4   1.42   3.22   1.63  12.86  1.49  0.29     0      0
tuneCorp        2     2.6   88.3    1.6   3.67   1.84  3.75  1.53  0.31     0      0
tuneStreet      1     6.1   72.8   1.62   3.02   1.82  15.46  1.59   0.3     0      0
tuneStreet      2     1.5   84.6   1.86   3.55   2.09  2.52  1.56  0.31     0      0
feastCorp       1       4   77.9   2.19    6.4   2.62  8.13  1.63   0.3     0      0
feastCorp       2     3.7   82.2   2.95   7.77   3.46  5.58  1.49  0.28     0   0.91
feastStreet     1     4.1   77.9   2.07   3.02   2.27  9.97  1.63  0.31     0      0
feastStreet     2     3.5   80.3   2.49   2.87   2.68  6.23  1.65  0.31     0      0
hidden          1     1.1   84.8   1.86   3.61    2.1  8.42   1.5  0.26   0.4      0
hidden          2     0.3   90.2   1.88   3.81   2.13  5.89  1.54  0.18  0.82      0

== abilities + tiers | corp | skilled ==
form            lvl  disc%  exit%  items  scrip  value   int  ice  hard  slip  forced
breachCorp      1     0.5   94.8   1.68   3.78   1.93  8.38  1.78  0.34     0      0
breachCorp      2       0   99.4   1.74   3.94      2  -1.52   1.8  0.34     0      0
breachStreet    1     0.7   98.1   2.08   3.89   2.34   8.4  1.81  0.34     0      0
breachStreet    2     0.2   99.5    2.1   3.94   2.36  5.36  1.81  0.34     0      0
dodgeCorp       1     0.4   97.9   1.62   3.91   1.88   5.3   1.8  0.25  0.94      0
dodgeCorp       2     0.3   98.7    1.9   3.94   2.16  2.85  1.81  0.18  1.12      0
dodgeStreet     1     0.9   96.8   1.93   3.91   2.19  7.22  1.79  0.27  0.71      0
dodgeStreet     2     0.5     98   1.94   3.92   2.21     4   1.8  0.22  0.86      0
tuneCorp        1     1.3   94.8   1.73   3.89   1.99  7.93  1.65  0.33     0      0
tuneCorp        2     0.9   98.9   1.81   4.04   2.08    -2  1.63  0.33     0      0
tuneStreet      1     2.9   93.2   2.01   3.71   2.26  10.27  1.77  0.33     0      0
tuneStreet      2     0.5   98.5   2.13   4.03    2.4  -4.32  1.68  0.34     0      0
feastCorp       1     0.6   96.3   2.66   7.67   3.17  -0.64  1.79  0.34     0      0
feastCorp       2     1.2   96.8   3.41   8.97   4.01  -3.83   1.6   0.3     0   0.96
feastStreet     1     1.6   95.8    2.5   3.61   2.74  1.54  1.79  0.33     0      0
feastStreet     2     1.2   96.4      3    3.4   3.22  -3.06  1.79  0.34     0      0
hidden          1     0.5   97.4   2.09   4.04   2.36  4.52  1.59  0.28  0.41      0
hidden          2     0.4   98.5   2.03   4.09    2.3  3.23   1.6  0.19  0.84      0

== abilities + tiers | ruins | careful ==
form            lvl  disc%  exit%  items  scrip  value   int  ice  hard  slip  forced
breachCorp      1       4   72.6    2.8   3.13   3.01    16  1.41  0.42     0      0
breachCorp      2       1   84.4   3.14   3.55   3.37  7.97  1.49  0.44     0      0
breachStreet    1     5.6   77.2   2.92   3.28   3.14  13.36  1.44  0.42     0      0
breachStreet    2     1.3   92.1   3.36   3.85   3.62  7.51  1.55  0.46     0      0
dodgeCorp       1     3.9   85.5   3.12   3.63   3.36  10.09  1.53  0.31  0.82      0
dodgeCorp       2     2.9   88.5   3.19   3.74   3.44  8.36  1.55  0.21  0.99      0
dodgeStreet     1       5   79.2   2.95   3.39   3.18  11.75  1.47  0.35  0.57      0
dodgeStreet     2     3.8   82.2   3.01   3.48   3.24  10.91  1.49  0.29   0.7      0
tuneCorp        1     8.1   70.1   2.76   3.11   2.97  15.64   1.3  0.38     0      0
tuneCorp        2     7.2   79.7   3.03    3.5   3.26     7  1.27  0.38     0      0
tuneStreet      1    11.2   67.8   2.63   2.94   2.83  16.96  1.39  0.41     0      0
tuneStreet      2     5.1   78.5   3.01   3.41   3.23  3.87  1.33  0.39     0      0
feastCorp       1    10.1   69.7   3.38   6.01   3.78  11.87  1.39  0.41     0      0
feastCorp       2     5.3   77.2    4.3   7.69   4.81  7.86  1.24  0.37     0   0.86
feastStreet     1     9.8   69.8   3.09   2.79   3.27  11.86  1.39  0.41     0      0
feastStreet     2     9.4   71.2   3.49   2.63   3.66  9.72   1.4  0.42     0      0
hidden          1     4.9   78.1   2.98   3.52   3.22  12.29  1.25  0.32  0.29      0
hidden          2     1.9   85.9   3.18    3.8   3.44  9.04  1.29  0.22  0.65      0

== abilities + tiers | ruins | skilled ==
form            lvl  disc%  exit%  items  scrip  value   int  ice  hard  slip  forced
breachCorp      1     1.3   91.5   3.41   3.84   3.66  10.09  1.54  0.46     0      0
breachCorp      2     0.4     97   3.56   4.04   3.83  1.25  1.58  0.47     0      0
breachStreet    1     2.5     94   3.47   3.93   3.73   8.5  1.56  0.46     0      0
breachStreet    2     0.6   98.8   3.61   4.12   3.88  4.71  1.58  0.47     0      0
dodgeCorp       1     1.5   94.6   3.39   3.95   3.66  6.11  1.57  0.32  0.83      0
dodgeCorp       2     1.4   95.5    3.4      4   3.67  5.32  1.57  0.22     1      0
dodgeStreet     1     2.4   92.1   3.35   3.84   3.61  7.58  1.55  0.37   0.6      0
dodgeStreet     2     1.7   93.4   3.36   3.88   3.62  6.95  1.56   0.3  0.73      0
tuneCorp        1     3.3   89.8    3.4   3.88   3.66   9.5  1.42  0.42     0      0
tuneCorp        2       3   95.7   3.58   4.13   3.85  0.12  1.36   0.4     0      0
tuneStreet      1     5.2     89   3.32   3.74   3.57  10.62  1.53  0.45     0      0
tuneStreet      2     2.3   94.3   3.53   4.04    3.8  -4.42  1.45  0.43     0      0
feastCorp       1     4.3   90.6   4.26    7.6   4.77  2.45  1.54  0.45     0      0
feastCorp       2     2.1   93.4   5.12   9.01   5.72  -0.54  1.33   0.4     0   0.92
feastStreet     1     4.4   90.7   3.85   3.53   4.09   2.8  1.54  0.45     0      0
feastStreet     2     4.4   91.4   4.33   3.32   4.55  -0.26  1.55  0.46     0      0
hidden          1     2.8   91.7   3.42      4   3.68  8.22  1.32  0.34  0.31      0
hidden          2     1.3   94.2   3.43    4.1    3.7  6.15  1.33  0.23  0.67      0

== abilities + tiers | deep | careful ==
form            lvl  disc%  exit%  items  scrip  value   int  ice  hard  slip  forced
breachCorp      1    24.9   33.5   1.76   1.79   1.88  30.41  2.97  1.45     0      0
breachCorp      2    16.1     53   2.41   2.53   2.57  24.15  3.36  1.65     0      0
breachStreet    1    30.4   37.8   1.87   1.93      2  28.45  3.09  1.51     0      0
breachStreet    2      20   61.3   2.64   2.83   2.83  22.23  3.57  1.75     0      0
dodgeCorp       1    29.7   46.4      2   2.23   2.15  27.05   3.3  1.25  1.16      0
dodgeCorp       2    25.5   53.9   2.21   2.49   2.38  24.41  3.45  1.02   1.6      0
dodgeStreet     1    29.1   45.2   1.97   2.11   2.11  26.65  3.18   1.2  1.08      0
dodgeStreet     2    23.7   52.5   2.18   2.39   2.34  23.52  3.31  1.01  1.47      0
tuneCorp        1    35.5   29.4   1.63   1.69   1.74  30.96  2.58  1.27     0      0
tuneCorp        2    36.3   43.1   2.05   2.21    2.2  25.83  2.73  1.38     0      0
tuneStreet      1      41     27   1.44   1.45   1.54  32.67  2.74  1.34     0      0
tuneStreet      2    28.9   41.2   2.07   2.17   2.21  23.48  2.78  1.37     0      0
feastCorp       1    37.7   34.2   2.03   3.45   2.26  27.72  2.85  1.39     0      0
feastCorp       2    36.5   40.4   2.69   4.56   2.99  25.28  2.75  1.37     0   0.83
feastStreet     1    39.2   32.1   1.99   1.47   2.09  28.34  2.85   1.4     0      0
feastStreet     2    35.5   38.4   2.61   1.55   2.72  25.08  2.95  1.44     0      0
hidden          1    24.8   43.1   2.09   2.27   2.24  25.59  2.64  1.14   0.6      0
hidden          2    15.1   59.6    2.6   2.94    2.8  19.93  2.92  0.87  1.44      0

== abilities + tiers | deep | skilled ==
form            lvl  disc%  exit%  items  scrip  value   int  ice  hard  slip  forced
breachCorp      1    14.2   65.6   2.93   2.96   3.13  22.73  3.59  1.76     0      0
breachCorp      2     7.9   82.4   3.46   3.58   3.69  13.85  3.84  1.88     0      0
breachStreet    1    17.1     72    3.1   3.16   3.31  20.3  3.71  1.81     0      0
breachStreet    2     8.1   87.4   3.63   3.74   3.88  13.58  3.93  1.93     0      0
dodgeCorp       1    18.3   70.6   2.88   3.11   3.09  20.1  3.69  1.43  1.22      0
dodgeCorp       2    14.5   75.5   2.99   3.29    3.2  17.51  3.77  1.16  1.69      0
dodgeStreet     1    15.9   72.3   2.92   3.17   3.13  18.83  3.67  1.41  1.24      0
dodgeStreet     2    12.3   77.3   3.05   3.35   3.27  16.21  3.74  1.15  1.66      0
tuneCorp        1    23.3   59.7   2.78   2.88   2.97  23.73   3.2  1.59     0      0
tuneCorp        2    21.5   73.4   3.22   3.42   3.45  15.26  3.27  1.63     0      0
tuneStreet      1    24.8   59.2   2.67   2.67   2.84  24.21  3.45  1.69     0      0
tuneStreet      2    16.5   75.1   3.27   3.48    3.5  11.33  3.41  1.68     0      0
feastCorp       1    20.3   70.5    3.7   6.17   4.11  13.06  3.59  1.76     0      0
feastCorp       2    18.4   74.3    4.5   7.79   5.02  11.06  3.36  1.66     0   0.95
feastStreet     1    21.5   69.5    3.6   2.81   3.79  13.62  3.61  1.77     0      0
feastStreet     2    16.9   76.7   4.53   2.93   4.73  8.09   3.7  1.81     0      0
hidden          1    15.8   69.5   3.04   3.35   3.26  18.72  3.11  1.35  0.71      0
hidden          2     8.8   80.2    3.3   3.78   3.56  13.9  3.24  0.98  1.59      0

== abilities + tiers | source | careful ==
form            lvl  disc%  exit%  items  scrip  value   int  ice  hard  slip  forced
breachCorp      1    41.6   11.7   1.25    0.9   1.31  37.11  3.31  1.96     0      0
breachCorp      2    30.8   22.9   1.88   1.41   1.97  30.68  3.85  2.29     0      0
breachStreet    1      48   12.4   1.22   0.88   1.28  36.12  3.33  1.99     0      0
breachStreet    2    38.3   26.3   2.03   1.58   2.14  32.81  4.18  2.48     0      0
dodgeCorp       1    47.2   20.7   1.55   1.25   1.63  35.43  3.76  1.72  1.19      0
dodgeCorp       2    42.1   25.4   1.76   1.46   1.85  33.66     4  1.49  1.71      0
dodgeStreet     1    45.1   20.6   1.52   1.21    1.6  34.75  3.58  1.61  1.18      0
dodgeStreet     2      41   26.8   1.79   1.49   1.89  32.5  3.87   1.4   1.7      0
tuneCorp        1    53.2    9.1   1.01   0.79   1.06  38.3  2.78  1.69     0      0
tuneCorp        2    57.5   15.6   1.29   1.07   1.36  35.89     3  1.83     0      0
tuneStreet      1      60    7.8   0.85   0.59   0.89  39.78  2.95  1.77     0      0
tuneStreet      2      47   15.4   1.41   1.11   1.48  33.43  3.03  1.82     0      0
feastCorp       1    55.3   12.9   1.25   1.72   1.36  36.36  3.15  1.89     0      0
feastCorp       2    53.3   17.9   1.78   2.57   1.95  35.46  3.19  1.91     0   0.63
feastStreet     1    55.8   13.1   1.38   0.79   1.44  36.37  3.12  1.86     0      0
feastStreet     2    53.6   16.8   1.85   0.92   1.91  34.69  3.27  1.96     0      0
hidden          1    43.4   19.1   1.62   1.31   1.71  34.92  3.11  1.59  0.69      0
hidden          2    29.8   33.6    2.3   2.07   2.44  29.21  3.58  1.24  1.72      0

== abilities + tiers | source | skilled ==
form            lvl  disc%  exit%  items  scrip  value   int  ice  hard  slip  forced
breachCorp      1    27.9   38.8    2.8   2.12   2.94  31.45  4.33  2.58     0      0
breachCorp      2    19.6   57.9   3.72    2.9   3.92  23.32  4.89  2.91     0      0
breachStreet    1    33.4   44.2   2.97    2.3   3.12  30.63  4.52  2.69     0      0
breachStreet    2    25.3   61.4   3.83   3.08   4.04  25.52  5.14  3.05     0      0
dodgeCorp       1    36.1   45.1   2.82   2.28   2.98  29.92  4.65  2.19  1.32      0
dodgeCorp       2    31.1   50.8      3   2.54   3.17  27.73   4.8  1.83  1.94      0
dodgeStreet     1    33.7   46.4   2.78   2.39   2.94  29.14  4.59  2.04  1.51      0
dodgeStreet     2    29.2   53.9   3.08   2.66   3.26  26.49  4.77   1.7  2.11      0
tuneCorp        1    41.2   33.4    2.4   1.94   2.53  33.37  3.84  2.31     0      0
tuneCorp        2    42.1   50.2   3.12   2.66   3.29  27.43   4.1  2.46     0      0
tuneStreet      1    43.9   32.1   2.28   1.73   2.39  33.8  4.08  2.44     0      0
tuneStreet      2    31.6   53.2   3.41   2.83    3.6  23.89  4.35  2.61     0      0
feastCorp       1    36.5   49.8   3.59   4.97   3.92  24.39   4.5  2.68     0      0
feastCorp       2    33.9   54.5   4.31   6.28   4.72  21.78  4.38  2.61     0   0.85
feastStreet     1    36.4   49.9   3.68   2.39   3.84  24.7   4.5  2.68     0      0
feastStreet     2    31.9   58.3   4.78   2.81   4.96  19.53  4.71   2.8     0      0
hidden          1    32.3   45.2   2.99   2.57   3.16  29.84  3.95  2.01  0.86      0
hidden          2    21.7   59.1   3.57   3.27   3.78  24.49  4.28  1.48  2.04      0

== parity against the yardstick (banked value per run, exit rate) ==
no abilities | public | careful
  level 1: value mean 2.05 (2 to 2.09), exit mean 81.5%; outside 20% of value: none; exit more than 10 points off: none
  level 2: value mean 2.05 (2 to 2.09), exit mean 81.5%; outside 20% of value: none; exit more than 10 points off: none
  elder mean value 1.00x the adult's (floor 1.15x, no ceiling: elders may be stronger, decided); elder below own adult: none
no abilities | public | skilled
  level 1: value mean 2.34 (2.29 to 2.39), exit mean 95.1%; outside 20% of value: none; exit more than 10 points off: none
  level 2: value mean 2.34 (2.29 to 2.39), exit mean 95.1%; outside 20% of value: none; exit more than 10 points off: none
  elder mean value 1.00x the adult's (floor 1.15x, no ceiling: elders may be stronger, decided); elder below own adult: none
no abilities | bazaar | careful
  level 1: value mean 2.00 (2 to 2), exit mean 78.7%; outside 20% of value: none; exit more than 10 points off: none
  level 2: value mean 2.00 (2 to 2), exit mean 78.7%; outside 20% of value: none; exit more than 10 points off: none
  elder mean value 1.00x the adult's (floor 1.15x, no ceiling: elders may be stronger, decided); elder below own adult: none
no abilities | bazaar | skilled
  level 1: value mean 2.31 (2.31 to 2.31), exit mean 93.9%; outside 20% of value: none; exit more than 10 points off: none
  level 2: value mean 2.31 (2.31 to 2.31), exit mean 93.9%; outside 20% of value: none; exit more than 10 points off: none
  elder mean value 1.00x the adult's (floor 1.15x, no ceiling: elders may be stronger, decided); elder below own adult: none
no abilities | corp | careful
  level 1: value mean 1.69 (1.55 to 1.82), exit mean 73.3%; outside 20% of value: none; exit more than 10 points off: none
  level 2: value mean 1.69 (1.55 to 1.82), exit mean 73.3%; outside 20% of value: none; exit more than 10 points off: none
  elder mean value 1.00x the adult's (floor 1.15x, no ceiling: elders may be stronger, decided); elder below own adult: none
no abilities | corp | skilled
  level 1: value mean 2.09 (1.92 to 2.26), exit mean 93.7%; outside 20% of value: none; exit more than 10 points off: none
  level 2: value mean 2.09 (1.92 to 2.26), exit mean 93.7%; outside 20% of value: none; exit more than 10 points off: none
  elder mean value 1.00x the adult's (floor 1.15x, no ceiling: elders may be stronger, decided); elder below own adult: none
no abilities | ruins | careful
  level 1: value mean 2.83 (2.83 to 2.83), exit mean 67.8%; outside 20% of value: none; exit more than 10 points off: none
  level 2: value mean 2.83 (2.83 to 2.83), exit mean 67.8%; outside 20% of value: none; exit more than 10 points off: none
  elder mean value 1.00x the adult's (floor 1.15x, no ceiling: elders may be stronger, decided); elder below own adult: none
no abilities | ruins | skilled
  level 1: value mean 3.57 (3.57 to 3.57), exit mean 89.0%; outside 20% of value: none; exit more than 10 points off: none
  level 2: value mean 3.57 (3.57 to 3.57), exit mean 89.0%; outside 20% of value: none; exit more than 10 points off: none
  elder mean value 1.00x the adult's (floor 1.15x, no ceiling: elders may be stronger, decided); elder below own adult: none
no abilities | deep | careful
  level 1: value mean 1.54 (1.54 to 1.54), exit mean 27.0%; outside 20% of value: none; exit more than 10 points off: none
  level 2: value mean 1.54 (1.54 to 1.54), exit mean 27.0%; outside 20% of value: none; exit more than 10 points off: none
  elder mean value 1.00x the adult's (floor 1.15x, no ceiling: elders may be stronger, decided); elder below own adult: none
no abilities | deep | skilled
  level 1: value mean 2.84 (2.84 to 2.84), exit mean 59.2%; outside 20% of value: none; exit more than 10 points off: none
  level 2: value mean 2.84 (2.84 to 2.84), exit mean 59.2%; outside 20% of value: none; exit more than 10 points off: none
  elder mean value 1.00x the adult's (floor 1.15x, no ceiling: elders may be stronger, decided); elder below own adult: none
no abilities | source | careful
  level 1: value mean 0.89 (0.89 to 0.89), exit mean 7.8%; outside 20% of value: none; exit more than 10 points off: none
  level 2: value mean 0.89 (0.89 to 0.89), exit mean 7.8%; outside 20% of value: none; exit more than 10 points off: none
  elder mean value 1.00x the adult's (floor 1.15x, no ceiling: elders may be stronger, decided); elder below own adult: none
no abilities | source | skilled
  level 1: value mean 2.39 (2.39 to 2.39), exit mean 32.1%; outside 20% of value: none; exit more than 10 points off: none
  level 2: value mean 2.39 (2.39 to 2.39), exit mean 32.1%; outside 20% of value: none; exit more than 10 points off: none
  elder mean value 1.00x the adult's (floor 1.15x, no ceiling: elders may be stronger, decided); elder below own adult: none
abilities | public | careful
  level 1: value mean 2.30 (2.07 to 3.11), exit mean 86.6%; outside 20% of value: feastCorp high; exit more than 10 points off: none
  level 2: value mean 2.54 (2.19 to 4.05), exit mean 91.7%; outside 20% of value: feastCorp high; exit more than 10 points off: none
  elder mean value 1.11x the adult's (floor 1.15x, no ceiling: elders may be stronger, decided); elder below own adult: none
abilities | public | skilled
  level 1: value mean 2.56 (2.24 to 3.53), exit mean 96.9%; outside 20% of value: feastCorp high; exit more than 10 points off: none
  level 2: value mean 2.75 (2.32 to 4.44), exit mean 98.4%; outside 20% of value: feastCorp high, feastStreet high; exit more than 10 points off: none
  elder mean value 1.07x the adult's (floor 1.15x, no ceiling: elders may be stronger, decided); elder below own adult: dodgeStreet, hidden
abilities | bazaar | careful
  level 1: value mean 2.24 (2 to 3.06), exit mean 84.2%; outside 20% of value: feastCorp high; exit more than 10 points off: none
  level 2: value mean 2.47 (2.13 to 3.98), exit mean 89.7%; outside 20% of value: feastCorp high; exit more than 10 points off: none
  elder mean value 1.10x the adult's (floor 1.15x, no ceiling: elders may be stronger, decided); elder below own adult: none
abilities | bazaar | skilled
  level 1: value mean 2.52 (2.27 to 3.54), exit mean 96.4%; outside 20% of value: feastCorp high; exit more than 10 points off: none
  level 2: value mean 2.69 (2.26 to 4.45), exit mean 98.3%; outside 20% of value: feastCorp high; exit more than 10 points off: none
  elder mean value 1.07x the adult's (floor 1.15x, no ceiling: elders may be stronger, decided); elder below own adult: dodgeCorp
abilities | corp | careful
  level 1: value mean 1.97 (1.6 to 2.62), exit mean 80.2%; outside 20% of value: feastCorp high; exit more than 10 points off: dodgeCorp
  level 2: value mean 2.25 (1.79 to 3.46), exit mean 87.9%; outside 20% of value: breachCorp low, feastCorp high; exit more than 10 points off: none
  elder mean value 1.14x the adult's (floor 1.15x, no ceiling: elders may be stronger, decided); elder below own adult: none
abilities | corp | skilled
  level 1: value mean 2.32 (1.88 to 3.17), exit mean 96.1%; outside 20% of value: feastCorp high; exit more than 10 points off: none
  level 2: value mean 2.53 (2 to 4.01), exit mean 98.3%; outside 20% of value: breachCorp low, feastCorp high, feastStreet high; exit more than 10 points off: none
  elder mean value 1.09x the adult's (floor 1.15x, no ceiling: elders may be stronger, decided); elder below own adult: hidden
abilities | ruins | careful
  level 1: value mean 3.20 (2.83 to 3.78), exit mean 74.4%; outside 20% of value: none; exit more than 10 points off: dodgeCorp
  level 2: value mean 3.56 (3.23 to 4.81), exit mean 82.2%; outside 20% of value: feastCorp high; exit more than 10 points off: feastStreet
  elder mean value 1.12x the adult's (floor 1.15x, no ceiling: elders may be stronger, decided); elder below own adult: none
abilities | ruins | skilled
  level 1: value mean 3.83 (3.57 to 4.77), exit mean 91.6%; outside 20% of value: feastCorp high; exit more than 10 points off: none
  level 2: value mean 4.07 (3.62 to 5.72), exit mean 94.9%; outside 20% of value: feastCorp high; exit more than 10 points off: none
  elder mean value 1.06x the adult's (floor 1.15x, no ceiling: elders may be stronger, decided); elder below own adult: none
abilities | deep | careful
  level 1: value mean 2.00 (1.54 to 2.26), exit mean 36.5%; outside 20% of value: tuneStreet low; exit more than 10 points off: none
  level 2: value mean 2.56 (2.2 to 2.99), exit mean 49.3%; outside 20% of value: none; exit more than 10 points off: breachStreet, feastStreet, hidden
  elder mean value 1.28x the adult's (floor 1.15x, no ceiling: elders may be stronger, decided); elder below own adult: none
abilities | deep | skilled
  level 1: value mean 3.29 (2.84 to 4.11), exit mean 67.7%; outside 20% of value: feastCorp high; exit more than 10 points off: none
  level 2: value mean 3.81 (3.2 to 5.02), exit mean 78.0%; outside 20% of value: feastCorp high, feastStreet high; exit more than 10 points off: none
  elder mean value 1.16x the adult's (floor 1.15x, no ceiling: elders may be stronger, decided); elder below own adult: none
abilities | source | careful
  level 1: value mean 1.36 (0.89 to 1.71), exit mean 14.2%; outside 20% of value: tuneCorp low, tuneStreet low, hidden high; exit more than 10 points off: none
  level 2: value mean 1.89 (1.36 to 2.44), exit mean 22.3%; outside 20% of value: tuneCorp low, tuneStreet low, hidden high; exit more than 10 points off: hidden
  elder mean value 1.38x the adult's (floor 1.15x, no ceiling: elders may be stronger, decided); elder below own adult: none
abilities | source | skilled
  level 1: value mean 3.09 (2.39 to 3.92), exit mean 42.8%; outside 20% of value: tuneStreet low, feastCorp high, feastStreet high; exit more than 10 points off: tuneStreet
  level 2: value mean 3.86 (3.17 to 4.96), exit mean 55.5%; outside 20% of value: feastCorp high, feastStreet high; exit more than 10 points off: none
  elder mean value 1.25x the adult's (floor 1.15x, no ceiling: elders may be stronger, decided); elder below own adult: none
abilities + tiers | public | careful
  level 1: value mean 2.30 (2.07 to 3.11), exit mean 86.6%; outside 20% of value: feastCorp high; exit more than 10 points off: none
  level 2: value mean 2.54 (2.19 to 4.05), exit mean 91.7%; outside 20% of value: feastCorp high; exit more than 10 points off: none
  elder mean value 1.11x the adult's (floor 1.15x, no ceiling: elders may be stronger, decided); elder below own adult: none
abilities + tiers | public | skilled
  level 1: value mean 2.56 (2.24 to 3.53), exit mean 96.9%; outside 20% of value: feastCorp high; exit more than 10 points off: none
  level 2: value mean 2.75 (2.32 to 4.44), exit mean 98.4%; outside 20% of value: feastCorp high, feastStreet high; exit more than 10 points off: none
  elder mean value 1.07x the adult's (floor 1.15x, no ceiling: elders may be stronger, decided); elder below own adult: dodgeStreet, hidden
abilities + tiers | bazaar | careful
  level 1: value mean 2.24 (2 to 3.06), exit mean 84.2%; outside 20% of value: feastCorp high; exit more than 10 points off: none
  level 2: value mean 2.47 (2.13 to 3.98), exit mean 89.7%; outside 20% of value: feastCorp high; exit more than 10 points off: none
  elder mean value 1.10x the adult's (floor 1.15x, no ceiling: elders may be stronger, decided); elder below own adult: none
abilities + tiers | bazaar | skilled
  level 1: value mean 2.52 (2.27 to 3.54), exit mean 96.4%; outside 20% of value: feastCorp high; exit more than 10 points off: none
  level 2: value mean 2.69 (2.26 to 4.45), exit mean 98.3%; outside 20% of value: feastCorp high; exit more than 10 points off: none
  elder mean value 1.07x the adult's (floor 1.15x, no ceiling: elders may be stronger, decided); elder below own adult: dodgeCorp
abilities + tiers | corp | careful
  level 1: value mean 1.97 (1.6 to 2.62), exit mean 80.2%; outside 20% of value: feastCorp high; exit more than 10 points off: dodgeCorp
  level 2: value mean 2.25 (1.79 to 3.46), exit mean 87.9%; outside 20% of value: breachCorp low, feastCorp high; exit more than 10 points off: none
  elder mean value 1.14x the adult's (floor 1.15x, no ceiling: elders may be stronger, decided); elder below own adult: none
abilities + tiers | corp | skilled
  level 1: value mean 2.32 (1.88 to 3.17), exit mean 96.1%; outside 20% of value: feastCorp high; exit more than 10 points off: none
  level 2: value mean 2.53 (2 to 4.01), exit mean 98.3%; outside 20% of value: breachCorp low, feastCorp high, feastStreet high; exit more than 10 points off: none
  elder mean value 1.09x the adult's (floor 1.15x, no ceiling: elders may be stronger, decided); elder below own adult: hidden
abilities + tiers | ruins | careful
  level 1: value mean 3.20 (2.83 to 3.78), exit mean 74.4%; outside 20% of value: none; exit more than 10 points off: dodgeCorp
  level 2: value mean 3.56 (3.23 to 4.81), exit mean 82.2%; outside 20% of value: feastCorp high; exit more than 10 points off: feastStreet
  elder mean value 1.12x the adult's (floor 1.15x, no ceiling: elders may be stronger, decided); elder below own adult: none
abilities + tiers | ruins | skilled
  level 1: value mean 3.83 (3.57 to 4.77), exit mean 91.6%; outside 20% of value: feastCorp high; exit more than 10 points off: none
  level 2: value mean 4.07 (3.62 to 5.72), exit mean 94.9%; outside 20% of value: feastCorp high; exit more than 10 points off: none
  elder mean value 1.06x the adult's (floor 1.15x, no ceiling: elders may be stronger, decided); elder below own adult: none
abilities + tiers | deep | careful
  level 1: value mean 2.00 (1.54 to 2.26), exit mean 36.5%; outside 20% of value: tuneStreet low; exit more than 10 points off: none
  level 2: value mean 2.56 (2.2 to 2.99), exit mean 49.3%; outside 20% of value: none; exit more than 10 points off: breachStreet, feastStreet, hidden
  elder mean value 1.28x the adult's (floor 1.15x, no ceiling: elders may be stronger, decided); elder below own adult: none
abilities + tiers | deep | skilled
  level 1: value mean 3.29 (2.84 to 4.11), exit mean 67.7%; outside 20% of value: feastCorp high; exit more than 10 points off: none
  level 2: value mean 3.81 (3.2 to 5.02), exit mean 78.0%; outside 20% of value: feastCorp high, feastStreet high; exit more than 10 points off: none
  elder mean value 1.16x the adult's (floor 1.15x, no ceiling: elders may be stronger, decided); elder below own adult: none
abilities + tiers | source | careful
  level 1: value mean 1.36 (0.89 to 1.71), exit mean 14.2%; outside 20% of value: tuneCorp low, tuneStreet low, hidden high; exit more than 10 points off: none
  level 2: value mean 1.89 (1.36 to 2.44), exit mean 22.3%; outside 20% of value: tuneCorp low, tuneStreet low, hidden high; exit more than 10 points off: hidden
  elder mean value 1.38x the adult's (floor 1.15x, no ceiling: elders may be stronger, decided); elder below own adult: none
abilities + tiers | source | skilled
  level 1: value mean 3.09 (2.39 to 3.92), exit mean 42.8%; outside 20% of value: tuneStreet low, feastCorp high, feastStreet high; exit more than 10 points off: tuneStreet
  level 2: value mean 3.86 (3.17 to 4.96), exit mean 55.5%; outside 20% of value: feastCorp high, feastStreet high; exit more than 10 points off: none
  elder mean value 1.25x the adult's (floor 1.15x, no ceiling: elders may be stronger, decided); elder below own adult: none
