
== now | deep | careful ==
form            lvl  disc%  exit%  items  scrip  value   int  ice  hard  slip  forced
breachCorp      1    21.5   29.7   1.51   1.61   1.62  30.21  2.93  1.46     0      0
breachCorp      2    13.5   47.6   2.08    2.3   2.23  22.89  3.29  1.64     0      0
breachStreet    1    27.5   34.4   1.62   1.78   1.73  28.11  3.04   1.5     0      0
breachStreet    2    19.3   56.7   2.35   2.64   2.53  22.72  3.63  1.81     0      0
dodgeCorp       1      28   41.1   1.75   1.96   1.88  27.01  3.33   1.3  1.13      0
dodgeCorp       2    21.3   49.9   2.02   2.33   2.17  23.66  3.49  1.09   1.6      0
dodgeStreet     1    26.6   41.9   1.77   2.03    1.9  26.61   3.2  1.24  1.09      0
dodgeStreet     2    21.5   48.6   1.94   2.32   2.09  23.99  3.35  1.05  1.46      0
tuneCorp        1    34.1     25   1.29   1.43   1.38  31.29  2.55  1.27     0      0
tuneCorp        2      36   36.9   1.63    1.9   1.75  26.36  2.75  1.37     0      0
tuneStreet      1    39.3   23.7   1.21    1.3    1.3  32.86  2.71  1.35     0      0
tuneStreet      2    32.4   33.1   1.52    1.7   1.64  25.93  2.89  1.43     0      0
feastCorp       1    35.9   30.7    1.7   3.24   1.91  27.73  2.82   1.4     0      0
feastCorp       2    35.7   36.8   2.24   4.75   2.55  26.07  2.76  1.35     0   0.75
feastStreet     1    37.1     29   1.68   1.55   1.78  27.99  2.81  1.39     0      0
feastStreet     2    35.7   35.5   2.14   2.12   2.28  25.93  2.89  1.44     0      0
hidden          1    23.9   38.3   1.78   1.98   1.92  25.86  2.75  1.13  0.63      0
hidden          2    16.6   53.2   2.17   2.62   2.35    21  3.06   0.9  1.46      0

== now | deep | skilled ==
form            lvl  disc%  exit%  items  scrip  value   int  ice  hard  slip  forced
breachCorp      1    13.3   62.2   2.65   2.96   2.84  23.64   3.7  1.81     0      0
breachCorp      2     5.5   82.6   3.31   3.76   3.56  13.53     4  1.96     0      0
breachStreet    1    15.4   70.6   2.88   3.27    3.1  20.7  3.84  1.88     0      0
breachStreet    2       7   87.8   3.46   3.97   3.73  13.92  4.13  2.03     0      0
dodgeCorp       1    15.3   69.1   2.69   3.08   2.89  19.4  3.85  1.55  1.22      0
dodgeCorp       2    11.8   74.5   2.83   3.28   3.04  17.34  3.93  1.26  1.72      0
dodgeStreet     1    15.2   71.6   2.76   3.26   2.98  18.96  3.82  1.47  1.31      0
dodgeStreet     2    11.7   75.8   2.84   3.42   3.07  16.66  3.91  1.22  1.71      0
tuneCorp        1    22.3   56.6   2.44   2.76   2.62  23.88  3.31  1.63     0      0
tuneCorp        2    22.3   72.5    2.9   3.42   3.13  15.1   3.5  1.72     0      0
tuneStreet      1    25.3   55.7   2.38   2.68   2.56  25.42  3.54  1.72     0      0
tuneStreet      2    17.6   72.2   2.91   3.35   3.13  13.12  3.79  1.85     0      0
feastCorp       1    20.8     70   3.43   6.68   3.88  14.02  3.72  1.82     0      0
feastCorp       2      20   71.8   3.96    8.3   4.51  11.28  3.49  1.69     0   0.91
feastStreet     1    20.4     70   3.37   3.37    3.6  14.23  3.72  1.81     0      0
feastStreet     2    18.3   74.5   3.94    4.2   4.22  9.42  3.78  1.84     0      0
hidden          1    15.2   68.5   2.84   3.25   3.05  18.65  3.35  1.37  0.77      0
hidden          2     8.7   80.2   3.05   3.74   3.29  14.41  3.51  1.02   1.7      0

== now | source | careful ==
form            lvl  disc%  exit%  items  scrip  value   int  ice  hard  slip  forced
breachCorp      1    37.4    9.2   1.07   0.95   1.13  36.7  3.51  2.13     0      0
breachCorp      2    26.6   20.3   1.63    1.7   1.74  30.04  4.08  2.47     0      0
breachStreet    1    44.7   11.2    1.1   1.07   1.17  35.59  3.56  2.16     0      0
breachStreet    2    38.8   23.4   1.67   1.93   1.79  32.35  4.42  2.68     0      0
dodgeCorp       1    47.2   14.1   1.13   1.16   1.21  36.4  3.83  1.79  1.18      0
dodgeCorp       2      40   20.4   1.43   1.49   1.53  33.57  4.12  1.59  1.73      0
dodgeStreet     1    44.8   17.6   1.26   1.26   1.35  35.16  3.76  1.74  1.19      0
dodgeStreet     2    41.3   21.8   1.45    1.5   1.55  33.78  4.04  1.56  1.69      0
tuneCorp        1    50.3    9.1   0.94   1.02      1  37.92  3.04  1.85     0      0
tuneCorp        2    55.3   15.8   1.17   1.45   1.27  35.5  3.31  2.02     0      0
tuneStreet      1    56.9    6.2   0.74    0.7   0.79  39.5  3.13  1.91     0      0
tuneStreet      2    52.3   11.4   1.01   1.08   1.08  35.65  3.36  2.05     0      0
feastCorp       1    54.6   11.7   1.05   2.19    1.2  36.51  3.38  2.05     0      0
feastCorp       2    53.1   17.3   1.38   3.71   1.63  35.26  3.46   2.1     0   0.53
feastStreet     1    54.7   12.2   1.19   1.39   1.28  36.61   3.4  2.08     0      0
feastStreet     2    53.5   16.4    1.5   2.27   1.65  34.64  3.61  2.24     0      0
hidden          1      42   15.9   1.29   1.45   1.39  34.36  3.27   1.7  0.67      0
hidden          2    30.3   29.6   1.91   2.11   2.05  29.66  3.82   1.4  1.78      0

== now | source | skilled ==
form            lvl  disc%  exit%  items  scrip  value   int  ice  hard  slip  forced
breachCorp      1    27.7   32.4   2.21   2.45   2.37  33.38  4.62   2.8     0      0
breachCorp      2    17.8     55   3.23   3.78   3.48  25.18  5.31   3.2     0      0
breachStreet    1    36.3   38.9   2.38   2.85   2.57  32.74  4.87  2.94     0      0
breachStreet    2    25.8   58.6   3.31   3.97   3.57  26.77   5.6  3.38     0      0
dodgeCorp       1    38.2   39.7   2.27   2.59   2.44  31.88  4.92  2.41  1.33      0
dodgeCorp       2    32.2   47.1   2.59   2.97   2.79  29.2  5.16  2.07  1.98      0
dodgeStreet     1    34.7   42.4   2.39   2.68   2.57  30.22   4.9  2.26  1.59      0
dodgeStreet     2    29.8     50   2.71   2.98    2.9  28.06  5.11  1.93  2.19      0
tuneCorp        1    39.8   30.7   2.01   2.55   2.18  33.65   4.1  2.48     0      0
tuneCorp        2    42.5     48   2.68   3.66   2.92  28.04  4.54  2.76     0      0
tuneStreet      1    47.5   25.2    1.7   1.91   1.83  36.27  4.29   2.6     0      0
tuneStreet      2    39.6   45.2   2.58   3.18   2.79  28.54  4.89  2.95     0      0
feastCorp       1    40.3   45.4   2.78   6.42   3.21  27.15  4.86  2.93     0      0
feastCorp       2    35.7   53.2   3.31   9.76   3.96  22.47   4.8  2.92     0    0.8
feastStreet     1      40   45.4   2.86   4.88   3.18  27.31  4.86  2.96     0      0
feastStreet     2    34.9   54.1    3.4   7.78   3.92  20.77  5.08   3.1     0      0
hidden          1      34   40.6   2.44   3.08   2.64  30.56  4.34  2.24   0.9      0
hidden          2    21.9   57.8   3.15    3.7    3.4  24.61  4.74   1.7  2.25      0

== wide l.5 | deep | careful ==
form            lvl  disc%  exit%  items  scrip  value   int  ice  hard  slip  forced
breachCorp      1      29   31.1   1.59   1.72   1.71  32.19  3.15  1.58     0      0
breachCorp      2    19.2   50.4   2.24   2.53   2.41  26.42  3.61  1.82     0      0
breachStreet    1    35.2   34.6   1.67    1.8   1.79  30.77  3.28  1.66     0      0
breachStreet    2      22   57.7   2.44   2.77   2.63  24.3  3.82  1.92     0      0
dodgeCorp       1    32.8   41.3   1.85   2.09   1.99  29.05   3.4  1.32  1.16      0
dodgeCorp       2    26.5   50.8   2.13   2.46   2.29  26.31  3.59   1.1  1.61      0
dodgeStreet     1    30.4   42.7   1.87   2.12   2.01  27.88  3.29  1.31  1.08      0
dodgeStreet     2    24.1   51.7   2.13   2.49    2.3  24.56  3.48  1.11  1.52      0
tuneCorp        1      40   27.2   1.47   1.62   1.57  32.46  2.74  1.36     0      0
tuneCorp        2    39.1   40.6   1.91   2.22   2.05  27.83  2.88  1.44     0      0
tuneStreet      1    44.5   24.7   1.31   1.39    1.4  34.4  2.88  1.43     0      0
tuneStreet      2    38.7   35.2   1.64   1.82   1.76  28.11  3.16  1.58     0      0
feastCorp       1    41.3   32.3   1.82    3.5   2.05  29.66  3.03  1.51     0      0
feastCorp       2    34.7   41.3   2.52    5.4   2.88  25.43  2.89  1.47     0   0.82
feastStreet     1    40.5   32.4   1.86   1.77   1.98  29.2  3.03   1.5     0      0
feastStreet     2    37.3     37   2.31   2.23   2.46  25.59  3.12  1.56     0      0
hidden          1    26.9   40.9   1.95   2.28    2.1  27.78  2.77  1.16  0.61      0
hidden          2    16.2   57.7   2.46   3.02   2.66  21.55  3.08  0.89  1.49      0

== wide l.5 | deep | skilled ==
form            lvl  disc%  exit%  items  scrip  value   int  ice  hard  slip  forced
breachCorp      1    16.4     64   2.79   3.06      3  24.39  3.83  1.91     0      0
breachCorp      2     8.2   81.3   3.35    3.8   3.61  15.87  4.09  2.03     0      0
breachStreet    1    18.8   70.1   2.95   3.27   3.17  21.76  3.93  1.96     0      0
breachStreet    2     8.8   86.9    3.5   3.98   3.77  14.97   4.2  2.09     0      0
dodgeCorp       1    18.7   69.5   2.82   3.16   3.03  21.25  3.89  1.57  1.23      0
dodgeCorp       2    14.8   75.1   2.94   3.38   3.16  18.77  3.99  1.27  1.71      0
dodgeStreet     1    17.3   69.7    2.8   3.17   3.01  20.25  3.85  1.54   1.3      0
dodgeStreet     2    12.9   75.4   2.94    3.4   3.16  17.69  3.95  1.26  1.75      0
tuneCorp        1    25.5   58.4   2.61   3.01   2.81  24.76  3.45   1.7     0      0
tuneCorp        2    22.4     73    3.1   3.65   3.35  16.45  3.49  1.73     0      0
tuneStreet      1      28   57.3   2.52   2.74    2.7  26.16  3.66  1.81     0      0
tuneStreet      2    21.3   71.7   2.95   3.32   3.17  14.34  3.88  1.93     0      0
feastCorp       1    22.4   69.3   3.48   6.63   3.92  14.87  3.83   1.9     0      0
feastCorp       2    16.4   76.6   4.27   9.26   4.89  10.09  3.53  1.78     0   0.94
feastStreet     1    21.6     70   3.45   3.52   3.68  14.71  3.83   1.9     0      0
feastStreet     2    18.7   75.8   4.05   4.43   4.35  9.67  3.91  1.94     0      0
hidden          1    14.5   70.6   3.03   3.52   3.26  19.95  3.34  1.42  0.75      0
hidden          2     8.9   80.3    3.2   3.94   3.47  15.17  3.49  1.02   1.7      0

== wide l.5 | source | careful ==
form            lvl  disc%  exit%  items  scrip  value   int  ice  hard  slip  forced
breachCorp      1    48.2    9.4   0.93   1.01   0.99  38.53  3.59  2.18     0      0
breachCorp      2    35.7   21.1   1.56   1.81   1.68  32.33  4.18  2.56     0      0
breachStreet    1    53.5   10.9   0.96    1.1   1.03  37.85  3.59   2.2     0      0
breachStreet    2    44.5   21.7   1.53   1.82   1.65  34.3   4.4   2.7     0      0
dodgeCorp       1    50.9     13   1.06   1.12   1.13  37.22  3.86  1.79   1.2      0
dodgeCorp       2    45.1     20    1.4   1.51    1.5  34.61  4.21  1.55  1.83      0
dodgeStreet     1    47.5   15.4   1.15   1.14   1.22  35.72  3.78  1.73  1.23      0
dodgeStreet     2      42   23.5    1.5   1.65   1.61  33.32  4.08  1.53  1.77      0
tuneCorp        1      61    7.4   0.76   0.78   0.81  40.22     3  1.81     0      0
tuneCorp        2    64.5   14.3      1   1.21   1.08  37.95  3.26     2     0      0
tuneStreet      1    64.5    6.9   0.68   0.77   0.73  40.93  3.15  1.92     0      0
tuneStreet      2      60   13.1   0.99   1.21   1.07  37.5  3.46  2.11     0      0
feastCorp       1      60   13.2   1.04    2.4    1.2  37.67  3.42  2.08     0      0
feastCorp       2    57.2   17.1   1.38   3.56   1.61  35.99  3.45  2.08     0   0.57
feastStreet     1      59   13.3   1.16   1.49   1.26  37.32  3.42  2.08     0      0
feastStreet     2    55.5   18.5   1.59   2.79   1.77  34.62  3.65  2.21     0      0
hidden          1    46.9   14.9   1.21    1.4    1.3  36.25  3.34  1.68  0.74      0
hidden          2    37.2   28.3   1.79   2.28   1.94  31.46  3.87  1.37  1.84      0

== wide l.5 | source | skilled ==
form            lvl  disc%  exit%  items  scrip  value   int  ice  hard  slip  forced
breachCorp      1    33.5   35.5   2.29   2.76   2.47  33.98  4.71  2.84     0      0
breachCorp      2    23.1   53.8   3.16   3.79   3.41  26.07  5.33  3.22     0      0
breachStreet    1    39.9   39.4    2.4   2.95    2.6  33.34  4.93  2.97     0      0
breachStreet    2      30   58.1   3.25   4.15   3.52  27.98  5.56  3.37     0      0
dodgeCorp       1      40     37   2.22    2.7    2.4  32.17  4.86  2.35  1.33      0
dodgeCorp       2      35   43.9   2.51   2.73   2.69  29.89  5.06  1.97  2.04      0
dodgeStreet     1    37.8   41.4   2.33   2.75   2.51  31.03   4.9  2.28  1.58      0
dodgeStreet     2    31.7   49.2   2.67   3.11   2.88  28.31  5.12  1.92   2.2      0
tuneCorp        1      47   30.1   1.96   2.53   2.13  35.69  4.14  2.49     0      0
tuneCorp        2    49.4     44   2.47    3.4   2.69  30.38  4.44   2.7     0      0
tuneStreet      1    49.8   29.2   1.84   2.29   1.99  36.39   4.4  2.65     0      0
tuneStreet      2    40.5   45.9   2.64   3.39   2.87  27.95  4.93  2.97     0      0
feastCorp       1    39.3   49.2   2.96   7.26   3.45  26.48  4.91  2.97     0      0
feastCorp       2    33.6   55.8   3.48  10.28   4.17  21.96  4.75   2.9     0   0.84
feastStreet     1    38.3   49.7   3.05   4.95   3.38  25.67  4.92  2.99     0      0
feastStreet     2    34.5   56.5   3.53   8.07   4.07    20   5.1  3.08     0      0
hidden          1    37.9   40.3   2.43   3.25   2.64  31.44  4.33  2.25  0.92      0
hidden          2    28.6   54.5   3.02    3.9   3.27  26.06  4.69  1.65  2.22      0

== wide l.25 | deep | careful ==
form            lvl  disc%  exit%  items  scrip  value   int  ice  hard  slip  forced
breachCorp      1    34.9   29.1   1.45   1.54   1.55  34.19  3.47  1.74     0      0
breachCorp      2    23.1   47.4   2.07   2.28   2.22  28.55  3.94  1.99     0      0
breachStreet    1    40.8   32.3   1.52   1.62   1.63  32.71  3.56   1.8     0      0
breachStreet    2    26.6   54.2   2.25   2.53   2.42  26.17  4.13  2.08     0      0
dodgeCorp       1    38.5   38.3   1.66   1.86   1.78  31.3  3.67  1.49   1.2      0
dodgeCorp       2    32.2   47.2   1.94    2.2   2.09  28.29  3.88  1.24  1.71      0
dodgeStreet     1    34.8   39.5   1.69   1.86   1.81  29.71  3.54   1.4  1.18      0
dodgeStreet     2    28.6   48.8   1.96    2.2   2.11  26.43  3.76  1.18  1.66      0
tuneCorp        1    46.2   24.7   1.31   1.35    1.4  34.82  2.99  1.49     0      0
tuneCorp        2    45.4   37.2   1.69   1.92   1.82  30.84  3.15  1.57     0      0
tuneStreet      1    50.4   21.8   1.14   1.17   1.22  36.37  3.12  1.55     0      0
tuneStreet      2      45   31.9   1.45   1.57   1.56  30.69  3.41  1.71     0      0
feastCorp       1      47   29.5   1.64   3.01   1.84  31.59  3.29  1.64     0      0
feastCorp       2    39.4   38.6   2.35   4.78   2.67  27.02  3.11  1.59     0   0.79
feastStreet     1    45.6     30    1.7   1.58    1.8  31.02  3.29  1.63     0      0
feastStreet     2    43.2   34.4   2.12   2.07   2.25  27.64  3.39  1.71     0      0
hidden          1    31.2   39.9   1.84   2.09   1.98  29.07  3.05  1.28  0.67      0
hidden          2    20.8   55.8   2.29   2.75   2.48  23.49  3.44  1.01  1.67      0

== wide l.25 | deep | skilled ==
form            lvl  disc%  exit%  items  scrip  value   int  ice  hard  slip  forced
breachCorp      1    18.3   63.1   2.74   2.92   2.93  26.12  4.19  2.09     0      0
breachCorp      2     9.9     80   3.26   3.59   3.49  18.25  4.46  2.22     0      0
breachStreet    1    20.9   68.6   2.87    3.1   3.08  23.42  4.27  2.13     0      0
breachStreet    2    10.3   85.7   3.41    3.8   3.66  16.14  4.59   2.3     0      0
dodgeCorp       1    22.6   66.2   2.64   2.94   2.84  23.1  4.24  1.77  1.25      0
dodgeCorp       2    17.8   72.3   2.79   3.17      3  20.04  4.35  1.43  1.83      0
dodgeStreet     1    19.3   67.1   2.67   2.94   2.87  21.21  4.17  1.63  1.43      0
dodgeStreet     2    14.8   73.6   2.82   3.18   3.03  18.58  4.29  1.35  1.91      0
tuneCorp        1    29.2     55   2.46   2.62   2.63  27.41  3.82  1.89     0      0
tuneCorp        2    26.1   68.6   2.89   3.27   3.11  19.29  3.88  1.92     0      0
tuneStreet      1    31.6   54.5   2.39    2.5   2.56  28.12  3.97  1.98     0      0
tuneStreet      2    23.2     70   2.88   3.14   3.09  16.57  4.21   2.1     0      0
feastCorp       1    25.1   67.6   3.38   6.23   3.79  16.64  4.15  2.07     0      0
feastCorp       2      19   75.2   4.16   8.72   4.74  10.58   3.8  1.94     0   0.92
feastStreet     1    24.3   68.3   3.34   3.35   3.56  16.16  4.16  2.06     0      0
feastStreet     2    21.6   73.6   3.92   4.34   4.21  11.06  4.24  2.12     0      0
hidden          1    18.8   68.2   2.84   3.28   3.06  21.13  3.71  1.57  0.85      0
hidden          2    11.8   78.1   3.06   3.66    3.3  16.51  3.89  1.16   1.9      0

== wide l.25 | source | careful ==
form            lvl  disc%  exit%  items  scrip  value   int  ice  hard  slip  forced
breachCorp      1      52    7.1   0.77   0.78   0.83  39.83  3.77  2.28     0      0
breachCorp      2    41.2   16.9    1.3   1.37   1.39  34.48  4.41  2.69     0      0
breachStreet    1    57.4    8.3   0.79   0.82   0.84  39.39  3.77  2.31     0      0
breachStreet    2    50.9   17.3   1.26    1.4   1.35  36.37  4.61  2.83     0      0
dodgeCorp       1    55.7     11   0.88   0.94   0.94  39.13  4.02   1.9  1.22      0
dodgeCorp       2      49   18.3   1.24   1.37   1.33  36.29  4.44  1.62  1.88      0
dodgeStreet     1    53.2   14.1   1.01   1.07   1.08  37.6     4  1.84  1.28      0
dodgeStreet     2    47.2   20.9   1.32   1.45   1.42  35.26  4.31  1.64  1.83      0
tuneCorp        1    64.6      6   0.66   0.59    0.7  41.28  3.17  1.93     0      0
tuneCorp        2    68.9     11   0.82   0.89   0.88  40.28  3.39  2.08     0      0
tuneStreet      1    67.5    4.9   0.56   0.55   0.59  42.13  3.27  1.98     0      0
tuneStreet      2    63.4    9.7   0.79   0.89   0.85  39.31  3.56  2.16     0      0
feastCorp       1    63.4   10.6   0.87   1.89   0.99  39.38  3.55  2.15     0      0
feastCorp       2    60.2     16   1.22   3.19   1.43  37.04   3.6  2.17     0   0.53
feastStreet     1    62.5   10.4      1   1.23   1.08  38.99  3.52  2.12     0      0
feastStreet     2    59.3   15.5   1.39   2.22   1.54  36.7  3.79  2.27     0      0
hidden          1    53.3   12.4   0.97   1.02   1.04  38.04  3.56  1.82  0.75      0
hidden          2    41.2     25   1.57   1.81   1.69  33.01  4.15  1.48  1.94      0

== wide l.25 | source | skilled ==
form            lvl  disc%  exit%  items  scrip  value   int  ice  hard  slip  forced
breachCorp      1    39.6   32.5   2.05   2.47   2.22  35.83  5.06  3.04     0      0
breachCorp      2      28   50.2   2.91   3.44   3.14  28.64  5.74  3.46     0      0
breachStreet    1    44.3   36.4   2.17   2.67   2.35  34.99  5.24  3.15     0      0
breachStreet    2    34.3   54.4   3.03   3.74   3.27  29.79  5.94  3.59     0      0
dodgeCorp       1    42.3   36.1   2.11   2.43   2.27  33.32  5.15  2.52  1.36      0
dodgeCorp       2    36.5   43.6   2.42   2.72    2.6  30.76  5.38  2.08  2.11      0
dodgeStreet     1      39   40.6   2.27   2.63   2.44  31.88  5.19  2.38  1.68      0
dodgeStreet     2    32.9   47.2   2.54   2.86   2.73  29.23   5.4  2.02  2.31      0
tuneCorp        1    54.3   25.8   1.65   2.01   1.79  37.98  4.47  2.71     0      0
tuneCorp        2    55.3   38.4   2.16   2.72   2.34  33.47  4.75  2.87     0      0
tuneStreet      1    55.8   25.5    1.6   1.94   1.73  38.26  4.64  2.78     0      0
tuneStreet      2      45   42.3   2.41   3.02   2.61  30.45  5.21  3.13     0      0
feastCorp       1      43   46.3   2.77   6.55   3.21  28.69  5.22  3.14     0      0
feastCorp       2    36.6     53   3.28   9.47   3.91  22.78  5.03  3.09     0   0.82
feastStreet     1    42.1   47.5   2.89   4.79   3.21  27.99  5.25  3.16     0      0
feastStreet     2    37.2   55.3   3.41   7.73   3.93  21.77  5.47  3.29     0      0
hidden          1    39.7   39.4   2.31   2.91    2.5  32.23  4.71   2.4  1.01      0
hidden          2    30.7   50.8   2.73   3.24   2.95  27.55  5.08  1.75  2.42      0

== wide l.75 | deep | careful ==
form            lvl  disc%  exit%  items  scrip  value   int  ice  hard  slip  forced
breachCorp      1    20.1   36.4   1.87    2.1   2.01  29.09   2.8  1.39     0      0
breachCorp      2    13.3   54.6   2.47   2.86   2.66  22.91  3.19  1.58     0      0
breachStreet    1    25.4   41.3      2   2.26   2.15  27.15  2.94  1.47     0      0
breachStreet    2    17.2   63.7   2.74   3.16   2.95  21.11  3.42  1.68     0      0
dodgeCorp       1    27.1   45.9   2.06   2.42   2.22  26.42  3.07  1.16  1.11      0
dodgeCorp       2    21.6   55.4   2.34   2.84   2.53  23.45  3.25  0.95  1.55      0
dodgeStreet     1      26   44.8   1.98   2.32   2.13  26.07  2.95  1.18  0.96      0
dodgeStreet     2    20.4   53.1    2.2   2.67   2.38  23.17  3.11  0.98  1.35      0
tuneCorp        1      32   31.3    1.7   1.99   1.84  29.68  2.43   1.2     0      0
tuneCorp        2    32.1   46.2   2.15    2.6   2.32  24.66   2.6  1.28     0      0
tuneStreet      1    35.9   29.4   1.53   1.73   1.65  31.35  2.61  1.29     0      0
tuneStreet      2    29.4   41.9   1.96   2.24   2.11  23.88  2.86  1.41     0      0
feastCorp       1    32.9   36.6   2.08   4.14   2.36  26.29  2.73  1.34     0      0
feastCorp       2    30.8   43.7   2.67   5.91   3.07  23.44  2.62  1.31     0   0.85
feastStreet     1    32.7   36.7   2.12   2.01   2.25  26.13  2.73  1.35     0      0
feastStreet     2    30.2   41.2    2.6    2.5   2.76  22.73   2.8  1.41     0      0
hidden          1      22   42.6   2.09   2.47   2.25  25.92  2.48  1.04  0.53      0
hidden          2    13.7   59.6   2.58   3.23   2.79  20.27  2.76  0.81  1.33      0

== wide l.75 | deep | skilled ==
form            lvl  disc%  exit%  items  scrip  value   int  ice  hard  slip  forced
breachCorp      1    10.7   68.8   3.04   3.44   3.27  21.26  3.42  1.69     0      0
breachCorp      2     5.1   84.6   3.53    4.1   3.81  12.43  3.64   1.8     0      0
breachStreet    1    13.6   75.7   3.21   3.67   3.45  18.85  3.53  1.74     0      0
breachStreet    2     6.5   89.1   3.64   4.24   3.92  12.56  3.74  1.84     0      0
dodgeCorp       1    15.4   73.3   3.02   3.46   3.25    19  3.51  1.37  1.17      0
dodgeCorp       2    12.2   78.2   3.12   3.68   3.37  16.59  3.58   1.1  1.63      0
dodgeStreet     1      14   71.7   2.92   3.37   3.14  18.45  3.44  1.38  1.15      0
dodgeStreet     2    10.5     77   3.03    3.6   3.27  16.27  3.53  1.13  1.56      0
tuneCorp        1    20.8   62.6   2.83    3.4   3.06  21.85  3.07   1.5     0      0
tuneCorp        2      18   77.6   3.29   4.01   3.55  13.27  3.11  1.52     0      0
tuneStreet      1    22.3   62.3   2.74    3.1   2.95  23.02   3.3  1.63     0      0
tuneStreet      2    14.8   78.1   3.26   3.76   3.51  10.09   3.5  1.73     0      0
feastCorp       1    17.2   74.6   3.75   7.49   4.25  11.68  3.44   1.7     0      0
feastCorp       2    15.9     77    4.3   9.54   4.93  9.73  3.19  1.59     0   0.95
feastStreet     1      17   74.9   3.68   3.82   3.93  11.45  3.45  1.69     0      0
feastStreet     2    15.2   79.1   4.23   4.64   4.54  6.54   3.5  1.74     0      0
hidden          1    11.9   72.1   3.14   3.69   3.39  18.2  2.97  1.26  0.65      0
hidden          2     7.5   82.1   3.31   4.16   3.59  13.96   3.1   0.9  1.53      0

== wide l.75 | source | careful ==
form            lvl  disc%  exit%  items  scrip  value   int  ice  hard  slip  forced
breachCorp      1    41.5   11.5   1.11   1.24   1.19  37.17  3.34  2.02     0      0
breachCorp      2    28.9   24.1   1.76   2.11    1.9  30.25  3.86  2.32     0      0
breachStreet    1    47.2   13.1   1.14   1.33   1.23  36.13  3.35  2.04     0      0
breachStreet    2    38.5   25.7   1.79   2.23   1.94  32.55  4.13  2.51     0      0
dodgeCorp       1    45.1   17.8   1.34   1.58   1.45  35.76   3.7   1.7  1.18      0
dodgeCorp       2    40.2   24.5   1.67   2.03    1.8  33.1  3.98  1.47  1.73      0
dodgeStreet     1    42.8   18.5   1.35   1.44   1.44  34.54  3.56  1.65  1.16      0
dodgeStreet     2    37.7   26.5    1.7   1.97   1.83  32.2  3.83  1.43  1.68      0
tuneCorp        1    53.3    9.7   0.93   1.05      1  38.26  2.82   1.7     0      0
tuneCorp        2      54   19.5   1.34   1.69   1.45  35.02   3.1  1.87     0      0
tuneStreet      1    58.2    8.7   0.84   0.97   0.91  39.61  2.99  1.81     0      0
tuneStreet      2    53.1   15.6   1.17   1.46   1.27  35.12  3.24  1.96     0      0
feastCorp       1    53.9   15.4   1.22   2.85   1.41  35.92   3.2  1.94     0      0
feastCorp       2    51.6   20.7   1.62   4.47   1.91  34.42  3.26  1.97     0   0.63
feastStreet     1    54.6   14.8    1.3   1.67   1.41  35.86   3.2  1.95     0      0
feastStreet     2    50.9     21   1.75   3.17   1.96  32.79  3.38  2.04     0      0
hidden          1    40.5   18.2   1.45   1.79   1.57  34.28  3.12  1.59  0.69      0
hidden          2    31.8   32.1   2.06   2.69   2.24  29.38  3.59  1.23  1.74      0

== wide l.75 | source | skilled ==
form            lvl  disc%  exit%  items  scrip  value   int  ice  hard  slip  forced
breachCorp      1    29.4   38.1   2.47   3.19   2.68  32.4  4.32  2.62     0      0
breachCorp      2    19.1   58.4    3.4   4.33   3.69  23.82  4.91  2.96     0      0
breachStreet    1    35.7   43.9   2.65    3.5   2.88  31.83  4.56  2.74     0      0
breachStreet    2    25.9   62.1   3.47   4.63   3.78  26.37  5.11  3.08     0      0
dodgeCorp       1      34   42.9   2.53   3.29   2.75  30.17  4.52  2.14  1.29      0
dodgeCorp       2    31.5   48.4   2.76   3.44   2.99  28.24  4.72  1.79  1.94      0
dodgeStreet     1    32.5   45.5   2.62   3.25   2.83  29.48  4.53  2.12  1.47      0
dodgeStreet     2    28.5   51.5   2.88   3.45   3.11  27.33  4.71  1.76  2.03      0
tuneCorp        1    41.9   33.9   2.17   2.96   2.37  33.86  3.84  2.33     0      0
tuneCorp        2    40.9     51   2.86   4.11   3.13  27.49  4.13  2.48     0      0
tuneStreet      1    44.5   31.7   2.03    2.7   2.21  34.67  4.06  2.46     0      0
tuneStreet      2    36.2   50.5   2.88   3.93   3.14  25.61  4.56  2.74     0      0
feastCorp       1    36.8     51   3.07   7.82   3.59  25.12  4.49   2.7     0      0
feastCorp       2    31.5   57.7   3.59  10.85   4.32  21.65  4.43  2.69     0   0.86
feastStreet     1    36.9   50.6   3.11   5.32   3.47  24.53   4.5  2.72     0      0
feastStreet     2    32.3   57.8   3.63   8.12   4.17  18.75  4.66  2.81     0      0
hidden          1    30.8     45   2.75    3.8   3.01  29.19  3.98  2.03  0.87      0
hidden          2    23.8     58   3.27   4.27   3.56  24.37  4.29  1.46  2.07      0

== widest l.5 | deep | careful ==
form            lvl  disc%  exit%  items  scrip  value   int  ice  hard  slip  forced
breachCorp      1    29.8   30.4   1.62   1.62   1.73  31.82  3.08  1.52     0      0
breachCorp      2    19.6   50.5   2.28   2.51   2.45  25.73  3.52  1.74     0      0
breachStreet    1    33.5   35.4   1.74   1.85   1.87  30.02  3.16  1.56     0      0
breachStreet    2    24.9   57.2   2.45   2.78   2.63  24.46  3.75  1.84     0      0
dodgeCorp       1    31.4   43.9   1.93   2.18   2.07  28.6  3.48  1.38  1.19      0
dodgeCorp       2      26   51.5   2.16   2.48   2.33  25.87  3.63  1.14  1.62      0
dodgeStreet     1    29.8     44   1.94   2.13   2.08  28.01  3.34   1.3  1.14      0
dodgeStreet     2    24.1     52   2.17   2.45   2.33  24.57  3.49   1.1  1.55      0
tuneCorp        1    41.1   26.4   1.43   1.58   1.54  32.99  2.68  1.36     0      0
tuneCorp        2    42.8   40.4   1.84   2.15   1.98  28.66  2.86  1.45     0      0
tuneStreet      1    43.8   24.7   1.33   1.33   1.42  33.91  2.81  1.38     0      0
tuneStreet      2      37   34.5   1.67   1.78   1.79  27.16  3.02   1.5     0      0
feastCorp       1    40.1   31.4   1.83   3.38   2.06  28.76  2.91  1.44     0      0
feastCorp       2    35.6   39.9   2.47      5    2.8  26.29  2.84  1.43     0   0.82
feastStreet     1    42.3   29.9   1.76   1.61   1.87  29.76  2.89  1.45     0      0
feastStreet     2    39.4   36.1   2.25   2.18   2.39  26.19  3.02  1.52     0      0
hidden          1    27.5   42.4   2.02   2.36   2.18  27.31  2.78  1.23  0.62      0
hidden          2    16.6   57.3    2.5   2.98    2.7  21.12  3.05  0.92  1.49      0

== widest l.5 | deep | skilled ==
form            lvl  disc%  exit%  items  scrip  value   int  ice  hard  slip  forced
breachCorp      1    16.8   62.4   2.76      3   2.96  24.66  3.73  1.88     0      0
breachCorp      2     8.9   81.6   3.38   3.76   3.63  16.35  4.06  2.03     0      0
breachStreet    1    17.1   71.7   3.02   3.36   3.24  21.72  3.87  1.95     0      0
breachStreet    2     9.9   86.9   3.52   3.96   3.78  15.06  4.15  2.08     0      0
dodgeCorp       1    18.3   69.5   2.82   3.31   3.04  21.4  3.92   1.6  1.27      0
dodgeCorp       2    15.4   74.6   2.95   3.46   3.18  19.13     4   1.3  1.73      0
dodgeStreet     1    16.5   71.2   2.89   3.28   3.11  20.31   3.9  1.51  1.35      0
dodgeStreet     2    12.7   76.3   3.02   3.51   3.26  17.7  3.99  1.27  1.76      0
tuneCorp        1    26.3   55.7   2.48   2.94   2.67  25.68  3.34  1.71     0      0
tuneCorp        2    25.3   70.5   2.93   3.52   3.17  18.36   3.4  1.75     0      0
tuneStreet      1    27.6   55.8   2.44    2.7   2.62  26.22  3.54  1.78     0      0
tuneStreet      2    19.3   72.3      3   3.35   3.22  14.03  3.79  1.91     0      0
feastCorp       1    20.9   69.7   3.51   6.73   3.96  14.58   3.7  1.85     0      0
feastCorp       2    16.9   75.1   4.19   8.98   4.79  10.64  3.46  1.77     0   0.93
feastStreet     1    21.8   69.2   3.39   3.45   3.62  15.18   3.7  1.88     0      0
feastStreet     2    19.3   74.2   4.01   4.38    4.3  9.54   3.8  1.95     0      0
hidden          1    15.8   71.8   3.04   3.65   3.29    20  3.29  1.44  0.75      0
hidden          2     8.2   82.2   3.34   4.08   3.61  14.69  3.42  1.04  1.66      0

== widest l.5 | source | careful ==
form            lvl  disc%  exit%  items  scrip  value   int  ice  hard  slip  forced
breachCorp      1      47   10.9    1.1    1.2   1.18  38.69  3.67  2.18     0      0
breachCorp      2    36.5     23   1.74   2.06   1.87  33.12  4.31  2.56     0      0
breachStreet    1    53.9   12.2   1.08   1.27   1.17  38.22  3.74  2.21     0      0
breachStreet    2    44.2   24.6   1.73   2.15   1.88  34.48  4.54  2.71     0      0
dodgeCorp       1    54.8   14.1   1.13   1.27   1.21  38.8  3.97   1.9  1.23      0
dodgeCorp       2    49.8   20.2    1.4   1.56    1.5  36.12  4.32  1.68  1.82      0
dodgeStreet     1    53.1   15.2   1.14   1.19   1.22  37.93  3.85   1.8  1.21      0
dodgeStreet     2    47.7   22.3   1.48   1.64   1.59  35.12  4.18  1.56  1.79      0
tuneCorp        1    59.6    8.7   0.89   0.98   0.95  40.18   3.1  1.86     0      0
tuneCorp        2    60.6     16   1.15   1.49   1.25  37.35  3.29  1.98     0      0
tuneStreet      1    62.6    7.4   0.77   0.83   0.82  40.8  3.25  1.92     0      0
tuneStreet      2    56.7   13.3   1.09   1.36   1.18  36.76   3.5  2.07     0      0
feastCorp       1    57.4   12.9   1.13   2.38   1.29  37.29  3.46  2.06     0      0
feastCorp       2    55.5   18.8    1.5   4.23   1.78  35.11  3.46  2.06     0    0.6
feastStreet     1    54.1   15.6   1.41   1.77   1.53  36.09  3.48  2.08     0      0
feastStreet     2    52.3   19.9   1.74   2.88   1.93  33.96   3.7  2.21     0      0
hidden          1    50.1   15.6   1.28   1.49   1.38  36.94  3.35  1.76   0.7      0
hidden          2      37   30.1   1.99   2.42   2.16  32.06  3.87  1.37  1.82      0

== widest l.5 | source | skilled ==
form            lvl  disc%  exit%  items  scrip  value   int  ice  hard  slip  forced
breachCorp      1      35   33.6   2.23   2.79   2.42  34.06  4.75  2.84     0      0
breachCorp      2    23.3   54.4   3.21    4.1   3.48  26.43  5.42  3.23     0      0
breachStreet    1    41.4   40.2   2.41   3.16   2.62  33.59  4.99  2.98     0      0
breachStreet    2    28.3   58.1   3.31   4.32    3.6  27.72  5.62  3.37     0      0
dodgeCorp       1    42.3   37.6   2.23   2.61    2.4  33.51  4.94  2.43  1.36      0
dodgeCorp       2    37.6   45.6   2.57   3.02   2.77  30.32   5.2  2.08  2.05      0
dodgeStreet     1    41.1   38.4   2.27   2.66   2.45  32.79  4.86  2.29  1.54      0
dodgeStreet     2    34.4   47.8   2.67   3.07   2.88  29.3  5.08  1.92  2.16      0
tuneCorp        1    46.3   31.4   2.06   2.75   2.24  35.36  4.24  2.55     0      0
tuneCorp        2    45.2   46.6   2.68   3.84   2.94  29.48  4.45  2.68     0      0
tuneStreet      1    49.3   27.9   1.83   2.26   1.98  36.15  4.41  2.62     0      0
tuneStreet      2    39.8   47.8   2.74   3.67   2.99  27.81  4.96  2.95     0      0
feastCorp       1    39.5   46.6   2.88   6.98   3.34  26.47   4.9  2.92     0      0
feastCorp       2    33.2   57.5   3.56  10.92   4.29  21.19  4.78  2.85     0   0.84
feastStreet     1    38.6   48.1   3.02   5.06   3.36  26.25  4.93  2.94     0      0
feastStreet     2    33.9   57.3    3.6   8.27   4.15  20.54  5.12  3.07     0      0
hidden          1      38   39.8   2.45   3.18   2.66  31.73  4.22   2.2   0.9      0
hidden          2    26.6   56.2   3.18   4.12   3.45  26.27  4.61  1.61  2.17      0

== now + gradient .8 | deep | careful ==
form            lvl  disc%  exit%  items  scrip  value   int  ice  hard  slip  forced
breachCorp      1    21.7   30.2   1.54   1.63   1.64  30.46  2.96  1.29     0      0
breachCorp      2    13.8   48.1    2.1    2.3   2.25  23.28  3.32  1.54     0      0
breachStreet    1      28   34.6   1.63   1.78   1.74  28.35  3.07  1.36     0      0
breachStreet    2    19.9   56.8   2.36   2.63   2.53  22.98  3.66  1.76     0      0
dodgeCorp       1    28.7   41.6   1.76   1.98   1.89  27.31  3.39  1.34  1.18      0
dodgeCorp       2    23.5   48.7   1.98   2.27   2.13  24.43  3.53  1.15  1.62      0
dodgeStreet     1    27.8     42   1.76   2.04    1.9  27.09  3.29  1.17  1.15      0
dodgeStreet     2    21.8   49.2   1.96   2.36   2.12  24.08   3.4     1  1.49      0
tuneCorp        1    34.2   25.2    1.3   1.44   1.39  31.46  2.58   1.1     0      0
tuneCorp        2    36.5   36.9   1.63    1.9   1.75  26.64  2.77  1.24     0      0
tuneStreet      1    39.4   23.9   1.23    1.3   1.31  33.1  2.74  1.17     0      0
tuneStreet      2    32.6   33.2   1.53    1.7   1.64  26.16  2.92  1.28     0      0
feastCorp       1    36.3   30.7   1.71   3.21   1.92  28.02  2.85  1.24     0      0
feastCorp       2    35.8   37.4   2.27    4.8   2.59  26.43   2.8  1.22     0   0.76
feastStreet     1    37.5   29.1   1.69   1.55   1.79  28.27  2.84  1.21     0      0
feastStreet     2    35.7   35.9   2.16   2.14    2.3  25.94  2.92  1.28     0      0
hidden          1    24.8   39.9   1.84   2.05   1.97  26.21  2.84  1.05  0.66      0
hidden          2      17   53.5   2.18   2.63   2.35  21.26   3.1  0.85  1.49      0

== now + gradient .8 | deep | skilled ==
form            lvl  disc%  exit%  items  scrip  value   int  ice  hard  slip  forced
breachCorp      1    13.4   63.5    2.7   2.99    2.9  23.78  3.75  1.79     0      0
breachCorp      2     5.4   83.7   3.35    3.8    3.6  13.99  4.03     2     0      0
breachStreet    1    15.3   71.8   2.93   3.31   3.15  20.79  3.88  1.88     0      0
breachStreet    2     6.9   88.2   3.49   3.99   3.75  13.85  4.14  2.07     0      0
dodgeCorp       1    16.4     69   2.66   3.08   2.86  19.65  3.87  1.64  1.25      0
dodgeCorp       2    12.6   74.2   2.81   3.25   3.02  17.63  3.95  1.37  1.73      0
dodgeStreet     1    15.6   71.1   2.75   3.24   2.96  19.08  3.86  1.46  1.32      0
dodgeStreet     2    11.4   76.2   2.85   3.44   3.08  16.47  3.93  1.23  1.71      0
tuneCorp        1    21.9   57.8    2.5    2.8   2.68  23.79  3.36  1.59     0      0
tuneCorp        2    22.3   72.7   2.93   3.41   3.16  15.2  3.53  1.73     0      0
tuneStreet      1    25.1   56.8   2.43   2.71   2.61  25.47  3.59  1.69     0      0
tuneStreet      2    17.5   73.2   2.95   3.39   3.18  13.23  3.83  1.86     0      0
feastCorp       1    20.5   70.7   3.47   6.73   3.92  14.09  3.77  1.81     0      0
feastCorp       2    19.7   72.8   4.01   8.44   4.57  11.07  3.53  1.67     0   0.92
feastStreet     1    20.3   70.5   3.41   3.39   3.63  14.39  3.78  1.79     0      0
feastStreet     2    17.9   75.3   3.97   4.17   4.25    10  3.83  1.85     0      0
hidden          1    14.9   69.4   2.87   3.28   3.09  18.54   3.4  1.36  0.78      0
hidden          2     8.4   80.8   3.06   3.77   3.31  14.34  3.54  1.01  1.71      0

== now + gradient .8 | source | careful ==
form            lvl  disc%  exit%  items  scrip  value   int  ice  hard  slip  forced
breachCorp      1    37.2   10.2   1.11   1.03   1.18  36.64  3.58  1.63     0      0
breachCorp      2    26.3   21.2   1.67   1.79   1.79  30.05  4.14  2.06     0      0
breachStreet    1    44.1   11.7   1.12    1.1   1.19  35.41  3.62  1.69     0      0
breachStreet    2    38.7   23.9   1.69      2   1.82  32.29  4.47  2.32     0      0
dodgeCorp       1    46.7   14.1   1.13   1.23   1.21  36.21  3.96  1.63  1.28      0
dodgeCorp       2    40.2   20.9   1.44   1.59   1.55  33.41  4.26   1.5  1.83      0
dodgeStreet     1    44.2   17.5   1.27    1.3   1.36  35.21  3.92   1.5  1.32      0
dodgeStreet     2    40.5   22.8    1.5    1.6   1.61  33.67  4.18  1.35  1.79      0
tuneCorp        1    49.9    9.4   0.95   1.04   1.02  37.82  3.11  1.41     0      0
tuneCorp        2    55.4   15.8   1.17   1.43   1.26  35.65  3.37  1.62     0      0
tuneStreet      1    56.5    6.6   0.76   0.73   0.81  39.45  3.21  1.42     0      0
tuneStreet      2    52.3   11.9   1.03    1.1    1.1  35.68  3.44   1.6     0      0
feastCorp       1    54.4   12.2   1.07   2.27   1.22  36.52  3.46  1.62     0      0
feastCorp       2    51.7   18.5   1.46   3.89   1.72  34.75  3.55   1.7     0   0.55
feastStreet     1    55.2   12.2   1.18   1.38   1.27  36.69  3.49  1.62     0      0
feastStreet     2    53.4   16.4    1.5   2.25   1.65  34.94  3.71  1.83     0      0
hidden          1    40.6   17.1   1.36   1.56   1.47  34.2  3.42  1.39  0.77      0
hidden          2    31.3   30.5   1.94   2.14   2.09  29.9  3.97  1.22  1.88      0

== now + gradient .8 | source | skilled ==
form            lvl  disc%  exit%  items  scrip  value   int  ice  hard  slip  forced
breachCorp      1    27.6     33   2.23   2.48    2.4  33.46  4.72  2.53     0      0
breachCorp      2      18   55.8   3.26    3.8   3.51  25.47   5.4  3.09     0      0
breachStreet    1    36.2   39.3    2.4   2.88   2.59  32.79  4.97  2.75     0      0
breachStreet    2    26.7   58.7   3.29   3.96   3.56  26.88  5.68  3.31     0      0
dodgeCorp       1    38.4   39.6   2.26   2.65   2.43  32.36  5.02  2.37  1.37      0
dodgeCorp       2    32.6   47.1   2.57   3.04   2.78  29.43  5.24   2.1  2.06      0
dodgeStreet     1      35     43   2.43   2.83   2.61  30.47  5.04  2.13  1.67      0
dodgeStreet     2    30.8     50    2.7    3.1   2.91  28.39  5.22  1.81  2.26      0
tuneCorp        1    39.5   30.8   2.02   2.56   2.19  33.85   4.2  2.21     0      0
tuneCorp        2    42.1     48   2.69   3.65   2.94  28.37  4.63  2.58     0      0
tuneStreet      1    46.7   25.5   1.72   1.94   1.85  36.24  4.41  2.31     0      0
tuneStreet      2    39.1   45.3   2.58   3.15   2.79  28.54     5   2.8     0      0
feastCorp       1    40.3     46    2.8   6.43   3.23  27.26  4.99   2.8     0      0
feastCorp       2      35   54.5   3.37   9.91   4.03  22.61  4.92  2.79     0   0.83
feastStreet     1    39.8   46.2   2.89   4.91   3.22  27.21     5  2.79     0      0
feastStreet     2    34.6   54.7   3.44   7.85   3.96  21.3  5.22  2.96     0      0
hidden          1    32.8   42.1   2.54   3.19   2.75  30.47  4.46  2.04  0.97      0
hidden          2    23.3   58.8   3.19   3.76   3.44  24.69  4.86   1.6  2.32      0

== wide l.5 + gradient .8 | deep | careful ==
form            lvl  disc%  exit%  items  scrip  value   int  ice  hard  slip  forced
breachCorp      1    29.5   31.3    1.6   1.71   1.71  32.36   3.2  1.46     0      0
breachCorp      2    19.4   50.9   2.26   2.53   2.43  26.59  3.65  1.78     0      0
breachStreet    1    35.2   35.2   1.69   1.81   1.81  30.79  3.32  1.56     0      0
breachStreet    2    22.3   57.6   2.44   2.75   2.62  24.2  3.84   1.9     0      0
dodgeCorp       1      33   42.6   1.88   2.15   2.03  29.36  3.47   1.4   1.2      0
dodgeCorp       2    26.7   50.9   2.12   2.45   2.29  26.56  3.63   1.2  1.64      0
dodgeStreet     1    30.6   43.9   1.93   2.16   2.08  27.94  3.36  1.27  1.14      0
dodgeStreet     2    24.6   52.4   2.18   2.51   2.35  24.85  3.54  1.09  1.55      0
tuneCorp        1    40.2   27.6   1.47   1.65   1.58  32.62  2.78  1.22     0      0
tuneCorp        2      39   41.4   1.93   2.27   2.08  27.84  2.92  1.34     0      0
tuneStreet      1    44.7   24.8   1.31   1.37    1.4  34.57  2.92  1.29     0      0
tuneStreet      2    38.6   35.6   1.66   1.82   1.78  28.29  3.21  1.48     0      0
feastCorp       1    41.6   32.1   1.81   3.46   2.04  29.83  3.08  1.39     0      0
feastCorp       2    34.9   41.4   2.53   5.44   2.89  25.61  2.92  1.37     0   0.83
feastStreet     1    40.6   32.8   1.87   1.76   1.99  29.38  3.08  1.39     0      0
feastStreet     2    37.8   36.7   2.29   2.18   2.43  25.84  3.17  1.45     0      0
hidden          1    27.7   42.2   2.01   2.33   2.16  27.85  2.84  1.11  0.64      0
hidden          2    16.7   58.8    2.5   3.09   2.71  21.52  3.13  0.86  1.53      0

== wide l.5 + gradient .8 | deep | skilled ==
form            lvl  disc%  exit%  items  scrip  value   int  ice  hard  slip  forced
breachCorp      1      16   64.7   2.82   3.09   3.02  24.57  3.85  1.87     0      0
breachCorp      2     7.7     82   3.38   3.82   3.64  16.33   4.1  2.04     0      0
breachStreet    1    18.9   70.1   2.95   3.26   3.17  21.93  3.95  1.94     0      0
breachStreet    2     8.8   87.1    3.5   3.98   3.77  15.04  4.21  2.13     0      0
dodgeCorp       1    20.1   68.5   2.76   3.13   2.97  21.69  3.92   1.7  1.24      0
dodgeCorp       2    16.5   73.8   2.87   3.34    3.1  19.31     4  1.41  1.72      0
dodgeStreet     1    18.6     69   2.78   3.13   2.99  20.86  3.87  1.54   1.3      0
dodgeStreet     2    14.1     75   2.92   3.39   3.14  18.35  3.97  1.28  1.75      0
tuneCorp        1      26   58.6   2.63   3.02   2.83  25.09  3.49  1.67     0      0
tuneCorp        2    23.1   72.5    3.1   3.64   3.34  17.01  3.51  1.72     0      0
tuneStreet      1    27.9   57.4   2.52   2.74    2.7  26.35  3.68  1.76     0      0
tuneStreet      2    21.3   71.7   2.96   3.31   3.18  14.71  3.91  1.92     0      0
feastCorp       1    22.6   69.2   3.47   6.61   3.91  15.26  3.85  1.88     0      0
feastCorp       2    16.7   76.7   4.27   9.26   4.89  10.37  3.54  1.75     0   0.94
feastStreet     1    21.7   69.9   3.45   3.51   3.68  15.08  3.86  1.89     0      0
feastStreet     2    18.7   76.1   4.07   4.46   4.37  10.05  3.93  1.93     0      0
hidden          1    15.9   70.4   3.01   3.53   3.24  20.49  3.36  1.43  0.74      0
hidden          2     9.2   80.8   3.23   3.98    3.5  15.32   3.5  1.02  1.72      0

== wide l.5 + gradient .8 | source | careful ==
form            lvl  disc%  exit%  items  scrip  value   int  ice  hard  slip  forced
breachCorp      1    47.8      9   0.93   0.95   0.99  38.6  3.67  1.78     0      0
breachCorp      2      35   21.8   1.61   1.85   1.73  32.54  4.27  2.26     0      0
breachStreet    1    53.4   10.6   0.96   1.06   1.03  37.85  3.68   1.8     0      0
breachStreet    2    45.1   21.8   1.54   1.82   1.66  34.61   4.5  2.43     0      0
dodgeCorp       1    53.6     13   1.04   1.16   1.12  37.79  3.99  1.65  1.28      0
dodgeCorp       2    46.5   19.8   1.37   1.48   1.47  35.05   4.3  1.47   1.9      0
dodgeStreet     1    47.3   17.1   1.22   1.26    1.3  35.6  3.96  1.49  1.39      0
dodgeStreet     2    42.7   23.7   1.51   1.61   1.62  33.68  4.21  1.33  1.89      0
tuneCorp        1    60.5    7.5   0.77    0.8   0.82  40.22  3.09  1.39     0      0
tuneCorp        2    63.6   14.9   1.05   1.24   1.13  37.88  3.34  1.66     0      0
tuneStreet      1    63.8    6.1   0.66    0.7   0.71  40.91  3.26  1.49     0      0
tuneStreet      2    59.7   12.2   0.96   1.12   1.03  37.63  3.56  1.75     0      0
feastCorp       1    59.8   12.1      1   2.18   1.14  37.9  3.52  1.72     0      0
feastCorp       2    57.2   16.5   1.36   3.36   1.58  36.32  3.55  1.78     0    0.6
feastStreet     1    58.9   12.8   1.14   1.44   1.24  37.49  3.54  1.74     0      0
feastStreet     2    55.6   17.8   1.54   2.66   1.72  35.02  3.76  1.91     0      0
hidden          1    45.9   16.8   1.28   1.54   1.39  35.74  3.48  1.44  0.84      0
hidden          2    37.1   30.3   1.89   2.42   2.05  31.67     4  1.24  1.94      0

== wide l.5 + gradient .8 | source | skilled ==
form            lvl  disc%  exit%  items  scrip  value   int  ice  hard  slip  forced
breachCorp      1    33.6   35.8   2.32   2.75    2.5  34.13   4.8  2.66     0      0
breachCorp      2    22.4   54.9   3.22   3.87   3.48  26.25  5.38  3.13     0      0
breachStreet    1    40.5   39.2    2.4    2.9   2.59  33.54  5.01  2.82     0      0
breachStreet    2    29.1   58.1   3.26   4.13   3.53  27.9   5.6  3.32     0      0
dodgeCorp       1    42.5   36.6   2.19   2.83   2.38  33.06  4.93  2.35  1.38      0
dodgeCorp       2    36.5   43.7   2.48   2.76   2.67  30.27  5.12     2  2.08      0
dodgeStreet     1    37.4   42.8   2.38   2.85   2.57  30.88  5.03  2.13   1.7      0
dodgeStreet     2    32.9   48.6   2.63   3.09   2.84  28.67  5.19  1.81  2.28      0
tuneCorp        1    46.9     30   1.99   2.51   2.15  35.65  4.21  2.24     0      0
tuneCorp        2    49.1   44.2   2.48   3.39   2.71  30.38   4.5  2.55     0      0
tuneStreet      1    50.2   28.9   1.83   2.25   1.98  36.58  4.47  2.42     0      0
tuneStreet      2    41.4   45.4   2.62   3.35   2.84  28.39  5.01  2.85     0      0
feastCorp       1    40.4   48.6   2.93   7.15    3.4  27.12     5  2.86     0      0
feastCorp       2    34.2   56.3    3.5  10.36   4.19  22.67  4.83   2.8     0   0.85
feastStreet     1    39.1     49   3.02   4.89   3.34  26.37  4.99  2.87     0      0
feastStreet     2    34.3   56.5   3.56   8.07    4.1  20.56  5.19  3.02     0      0
hidden          1    37.3   41.8   2.49   3.26   2.71  31.33  4.43  2.11  0.98      0
hidden          2    28.8   54.5   3.03   3.91   3.29  26.61  4.75  1.59  2.26      0

== parity against the yardstick (banked value per run, exit rate) ==
now | deep | careful
  level 1: value mean 1.71 (1.3 to 1.92), exit mean 32.6%; outside 20% of value: tuneStreet low; exit more than 10 points off: none
  level 2: value mean 2.18 (1.64 to 2.55), exit mean 44.3%; outside 20% of value: tuneStreet low; exit more than 10 points off: breachStreet, tuneStreet
  elder mean value 1.27x the adult's (floor 1.15x, no ceiling: elders may be stronger, decided); elder below own adult: none
now | deep | skilled
  level 1: value mean 3.06 (2.56 to 3.88), exit mean 66.0%; outside 20% of value: feastCorp high; exit more than 10 points off: tuneStreet
  level 2: value mean 3.52 (3.04 to 4.51), exit mean 76.9%; outside 20% of value: feastCorp high; exit more than 10 points off: breachStreet
  elder mean value 1.15x the adult's (floor 1.15x, no ceiling: elders may be stronger, decided); elder below own adult: none
now | source | careful
  level 1: value mean 1.17 (0.79 to 1.39), exit mean 11.9%; outside 20% of value: tuneStreet low; exit more than 10 points off: none
  level 2: value mean 1.59 (1.08 to 2.05), exit mean 19.6%; outside 20% of value: tuneCorp low, tuneStreet low, hidden high; exit more than 10 points off: none
  elder mean value 1.36x the adult's (floor 1.15x, no ceiling: elders may be stronger, decided); elder below own adult: none
now | source | skilled
  level 1: value mean 2.55 (1.83 to 3.21), exit mean 37.9%; outside 20% of value: tuneStreet low, feastCorp high, feastStreet high; exit more than 10 points off: tuneStreet
  level 2: value mean 3.30 (2.79 to 3.96), exit mean 52.1%; outside 20% of value: none; exit more than 10 points off: none
  elder mean value 1.29x the adult's (floor 1.15x, no ceiling: elders may be stronger, decided); elder below own adult: none
wide l.5 | deep | careful
  level 1: value mean 1.84 (1.4 to 2.1), exit mean 34.1%; outside 20% of value: tuneStreet low; exit more than 10 points off: none
  level 2: value mean 2.38 (1.76 to 2.88), exit mean 46.9%; outside 20% of value: tuneStreet low, feastCorp high; exit more than 10 points off: breachStreet, tuneStreet, hidden
  elder mean value 1.29x the adult's (floor 1.15x, no ceiling: elders may be stronger, decided); elder below own adult: none
wide l.5 | deep | skilled
  level 1: value mean 3.18 (2.7 to 3.92), exit mean 66.5%; outside 20% of value: feastCorp high; exit more than 10 points off: none
  level 2: value mean 3.66 (3.16 to 4.89), exit mean 77.3%; outside 20% of value: feastCorp high; exit more than 10 points off: none
  elder mean value 1.15x the adult's (floor 1.15x, no ceiling: elders may be stronger, decided); elder below own adult: none
wide l.5 | source | careful
  level 1: value mean 1.07 (0.73 to 1.3), exit mean 11.6%; outside 20% of value: tuneCorp low, tuneStreet low, hidden high; exit more than 10 points off: none
  level 2: value mean 1.55 (1.07 to 1.94), exit mean 19.7%; outside 20% of value: tuneCorp low, tuneStreet low, hidden high; exit more than 10 points off: none
  elder mean value 1.44x the adult's (floor 1.15x, no ceiling: elders may be stronger, decided); elder below own adult: none
wide l.5 | source | skilled
  level 1: value mean 2.62 (1.99 to 3.45), exit mean 39.1%; outside 20% of value: tuneStreet low, feastCorp high, feastStreet high; exit more than 10 points off: feastCorp, feastStreet
  level 2: value mean 3.29 (2.69 to 4.17), exit mean 51.3%; outside 20% of value: feastCorp high, feastStreet high; exit more than 10 points off: none
  elder mean value 1.25x the adult's (floor 1.15x, no ceiling: elders may be stronger, decided); elder below own adult: none
wide l.25 | deep | careful
  level 1: value mean 1.67 (1.22 to 1.98), exit mean 31.7%; outside 20% of value: tuneStreet low; exit more than 10 points off: none
  level 2: value mean 2.18 (1.56 to 2.67), exit mean 43.9%; outside 20% of value: tuneStreet low, feastCorp high; exit more than 10 points off: breachStreet, tuneStreet, hidden
  elder mean value 1.31x the adult's (floor 1.15x, no ceiling: elders may be stronger, decided); elder below own adult: none
wide l.25 | deep | skilled
  level 1: value mean 3.04 (2.56 to 3.79), exit mean 64.3%; outside 20% of value: feastCorp high; exit more than 10 points off: none
  level 2: value mean 3.51 (3 to 4.74), exit mean 75.2%; outside 20% of value: feastCorp high; exit more than 10 points off: breachStreet
  elder mean value 1.16x the adult's (floor 1.15x, no ceiling: elders may be stronger, decided); elder below own adult: none
wide l.25 | source | careful
  level 1: value mean 0.90 (0.59 to 1.08), exit mean 9.4%; outside 20% of value: tuneCorp low, tuneStreet low, dodgeStreet high, feastStreet high; exit more than 10 points off: none
  level 2: value mean 1.32 (0.85 to 1.69), exit mean 16.7%; outside 20% of value: tuneCorp low, tuneStreet low, hidden high; exit more than 10 points off: none
  elder mean value 1.47x the adult's (floor 1.15x, no ceiling: elders may be stronger, decided); elder below own adult: none
wide l.25 | source | skilled
  level 1: value mean 2.41 (1.73 to 3.21), exit mean 36.7%; outside 20% of value: tuneCorp low, tuneStreet low, feastCorp high, feastStreet high; exit more than 10 points off: tuneCorp, tuneStreet, feastStreet
  level 2: value mean 3.05 (2.34 to 3.93), exit mean 48.4%; outside 20% of value: tuneCorp low, feastCorp high, feastStreet high; exit more than 10 points off: none
  elder mean value 1.27x the adult's (floor 1.15x, no ceiling: elders may be stronger, decided); elder below own adult: none
wide l.75 | deep | careful
  level 1: value mean 2.10 (1.65 to 2.36), exit mean 38.3%; outside 20% of value: tuneStreet low; exit more than 10 points off: none
  level 2: value mean 2.62 (2.11 to 3.07), exit mean 51.0%; outside 20% of value: none; exit more than 10 points off: breachStreet
  elder mean value 1.25x the adult's (floor 1.15x, no ceiling: elders may be stronger, decided); elder below own adult: none
wide l.75 | deep | skilled
  level 1: value mean 3.41 (2.95 to 4.25), exit mean 70.7%; outside 20% of value: feastCorp high; exit more than 10 points off: none
  level 2: value mean 3.83 (3.27 to 4.93), exit mean 80.3%; outside 20% of value: feastCorp high; exit more than 10 points off: none
  elder mean value 1.12x the adult's (floor 1.15x, no ceiling: elders may be stronger, decided); elder below own adult: none
wide l.75 | source | careful
  level 1: value mean 1.29 (0.91 to 1.57), exit mean 14.2%; outside 20% of value: tuneCorp low, tuneStreet low, hidden high; exit more than 10 points off: none
  level 2: value mean 1.81 (1.27 to 2.24), exit mean 23.3%; outside 20% of value: tuneStreet low, hidden high; exit more than 10 points off: none
  elder mean value 1.40x the adult's (floor 1.15x, no ceiling: elders may be stronger, decided); elder below own adult: none
wide l.75 | source | skilled
  level 1: value mean 2.87 (2.21 to 3.59), exit mean 42.5%; outside 20% of value: tuneStreet low, feastCorp high, feastStreet high; exit more than 10 points off: tuneStreet
  level 2: value mean 3.54 (2.99 to 4.32), exit mean 55.0%; outside 20% of value: feastCorp high; exit more than 10 points off: none
  elder mean value 1.24x the adult's (floor 1.15x, no ceiling: elders may be stronger, decided); elder below own adult: none
widest l.5 | deep | careful
  level 1: value mean 1.87 (1.42 to 2.18), exit mean 34.3%; outside 20% of value: tuneStreet low; exit more than 10 points off: none
  level 2: value mean 2.38 (1.79 to 2.8), exit mean 46.6%; outside 20% of value: tuneStreet low; exit more than 10 points off: breachStreet, tuneStreet, feastStreet, hidden
  elder mean value 1.27x the adult's (floor 1.15x, no ceiling: elders may be stronger, decided); elder below own adult: none
widest l.5 | deep | skilled
  level 1: value mean 3.17 (2.62 to 3.96), exit mean 66.3%; outside 20% of value: feastCorp high; exit more than 10 points off: tuneCorp, tuneStreet
  level 2: value mean 3.66 (3.17 to 4.79), exit mean 77.1%; outside 20% of value: feastCorp high; exit more than 10 points off: none
  elder mean value 1.16x the adult's (floor 1.15x, no ceiling: elders may be stronger, decided); elder below own adult: none
widest l.5 | source | careful
  level 1: value mean 1.19 (0.82 to 1.53), exit mean 12.5%; outside 20% of value: tuneCorp low, tuneStreet low, feastStreet high; exit more than 10 points off: none
  level 2: value mean 1.68 (1.18 to 2.16), exit mean 20.9%; outside 20% of value: tuneCorp low, tuneStreet low, hidden high; exit more than 10 points off: none
  elder mean value 1.41x the adult's (floor 1.15x, no ceiling: elders may be stronger, decided); elder below own adult: none
widest l.5 | source | skilled
  level 1: value mean 2.61 (1.98 to 3.36), exit mean 38.2%; outside 20% of value: tuneStreet low, feastCorp high, feastStreet high; exit more than 10 points off: tuneStreet
  level 2: value mean 3.39 (2.77 to 4.29), exit mean 52.4%; outside 20% of value: feastCorp high, feastStreet high; exit more than 10 points off: none
  elder mean value 1.30x the adult's (floor 1.15x, no ceiling: elders may be stronger, decided); elder below own adult: none
now + gradient .8 | deep | careful
  level 1: value mean 1.73 (1.31 to 1.97), exit mean 33.0%; outside 20% of value: tuneStreet low; exit more than 10 points off: none
  level 2: value mean 2.18 (1.64 to 2.59), exit mean 44.4%; outside 20% of value: tuneStreet low; exit more than 10 points off: breachStreet, tuneStreet
  elder mean value 1.26x the adult's (floor 1.15x, no ceiling: elders may be stronger, decided); elder below own adult: none
now + gradient .8 | deep | skilled
  level 1: value mean 3.09 (2.61 to 3.92), exit mean 66.7%; outside 20% of value: feastCorp high; exit more than 10 points off: none
  level 2: value mean 3.55 (3.02 to 4.57), exit mean 77.5%; outside 20% of value: feastCorp high; exit more than 10 points off: breachStreet
  elder mean value 1.15x the adult's (floor 1.15x, no ceiling: elders may be stronger, decided); elder below own adult: none
now + gradient .8 | source | careful
  level 1: value mean 1.19 (0.81 to 1.47), exit mean 12.3%; outside 20% of value: tuneStreet low, hidden high; exit more than 10 points off: none
  level 2: value mean 1.62 (1.1 to 2.09), exit mean 20.2%; outside 20% of value: tuneCorp low, tuneStreet low, hidden high; exit more than 10 points off: hidden
  elder mean value 1.36x the adult's (floor 1.15x, no ceiling: elders may be stronger, decided); elder below own adult: none
now + gradient .8 | source | skilled
  level 1: value mean 2.59 (1.85 to 3.23), exit mean 38.4%; outside 20% of value: tuneStreet low, feastCorp high, feastStreet high; exit more than 10 points off: tuneStreet
  level 2: value mean 3.32 (2.78 to 4.03), exit mean 52.5%; outside 20% of value: feastCorp high; exit more than 10 points off: none
  elder mean value 1.29x the adult's (floor 1.15x, no ceiling: elders may be stronger, decided); elder below own adult: none
wide l.5 + gradient .8 | deep | careful
  level 1: value mean 1.87 (1.4 to 2.16), exit mean 34.7%; outside 20% of value: tuneStreet low; exit more than 10 points off: none
  level 2: value mean 2.40 (1.78 to 2.89), exit mean 47.3%; outside 20% of value: tuneStreet low, feastCorp high; exit more than 10 points off: breachStreet, tuneStreet, feastStreet, hidden
  elder mean value 1.28x the adult's (floor 1.15x, no ceiling: elders may be stronger, decided); elder below own adult: none
wide l.5 + gradient .8 | deep | skilled
  level 1: value mean 3.17 (2.7 to 3.91), exit mean 66.4%; outside 20% of value: feastCorp high; exit more than 10 points off: none
  level 2: value mean 3.66 (3.1 to 4.89), exit mean 77.3%; outside 20% of value: feastCorp high; exit more than 10 points off: none
  elder mean value 1.16x the adult's (floor 1.15x, no ceiling: elders may be stronger, decided); elder below own adult: none
wide l.5 + gradient .8 | source | careful
  level 1: value mean 1.08 (0.71 to 1.39), exit mean 11.7%; outside 20% of value: tuneCorp low, tuneStreet low, dodgeStreet high, hidden high; exit more than 10 points off: none
  level 2: value mean 1.55 (1.03 to 2.05), exit mean 19.9%; outside 20% of value: tuneCorp low, tuneStreet low, hidden high; exit more than 10 points off: hidden
  elder mean value 1.44x the adult's (floor 1.15x, no ceiling: elders may be stronger, decided); elder below own adult: none
wide l.5 + gradient .8 | source | skilled
  level 1: value mean 2.62 (1.98 to 3.4), exit mean 39.2%; outside 20% of value: tuneStreet low, feastCorp high, feastStreet high; exit more than 10 points off: tuneStreet
  level 2: value mean 3.29 (2.67 to 4.19), exit mean 51.4%; outside 20% of value: feastCorp high, feastStreet high; exit more than 10 points off: none
  elder mean value 1.26x the adult's (floor 1.15x, no ceiling: elders may be stronger, decided); elder below own adult: none
